{
    "images": [
        {
            "imagefile": "20191004_091652.tiff",
            "M3x4": [
                [
                    "0.559273303",
                    "-0.826043189",
                    "0.0697564408",
                    "4.15129662"
                ],
                [
                    "0.812924504",
                    "0.530011594",
                    "-0.241332605",
                    "-14.9073343"
                ],
                [
                    "0.162379429",
                    "0.19167763",
                    "0.967932045",
                    "55.9572182"
                ]
            ]
        },
        {
            "imagefile": "20191004_091656.tiff",
            "M3x4": [
                [
                    0.543312252,
                    -0.836627603,
                    0.0697564632,
                    3.69248009
                ],
                [
                    0.822949588,
                    0.514307797,
                    -0.24133262,
                    -13.0545139
                ],
                [
                    0.166029245,
                    0.188525036,
                    0.967932105,
                    48.0838966
                ]
            ]
        },
        {
            "imagefile": "20191004_091659.tiff",
            "M3x4": [
                [
                    "0.556386471",
                    "-0.827990353",
                    "0.0697564483",
                    "3.40599895"
                ],
                [
                    "0.814769626",
                    "0.527170718",
                    "-0.241332635",
                    "-11.1949072"
                ],
                [
                    "0.163047537",
                    "0.191109672",
                    "0.967932105",
                    "39.2700157"
                ]
            ]
        },
        {
            "imagefile": "20191004_091701.tiff",
            "M3x4": [
                [
                    "0.576449931",
                    "-0.814149499",
                    "0.0697564483",
                    "3.46559262"
                ],
                [
                    "0.801646531",
                    "0.546919882",
                    "-0.24133262",
                    "-11.309392"
                ],
                [
                    "0.158329651",
                    "0.195036203",
                    "0.967932045",
                    "35.9828148"
                ]
            ]
        },
        {
            "imagefile": "20191004_091703.tiff",
            "M3x4": [
                [
                    "0.601738513",
                    "-0.795641124",
                    "0.0697564781",
                    "2.82270861"
                ],
                [
                    "0.784071803",
                    "0.571830392",
                    "-0.241332635",
                    "-9.671731"
                ],
                [
                    "0.152125284",
                    "0.199913234",
                    "0.967932105",
                    "32.3049393"
                ]
            ]
        },
        {
            "imagefile": "20191004_091704.tiff",
            "M3x4": [
                [
                    "0.560714066",
                    "-0.825065851",
                    "0.0697564557",
                    "2.62255359"
                ],
                [
                    "0.811998367",
                    "0.531429529",
                    "-0.241332605",
                    "-8.86057281"
                ],
                [
                    "0.162044659",
                    "0.191960722",
                    "0.967932045",
                    "30.5070057"
                ]
            ]
        },
        {
            "imagefile": "20191004_091712.tiff",
            "M3x4": [
                [
                    "0.559273303",
                    "-0.826043189",
                    "0.0697564408",
                    "1.85134518"
                ],
                [
                    "0.812924504",
                    "0.530011594",
                    "-0.241332605",
                    "-7.47330999"
                ],
                [
                    "0.162379429",
                    "0.19167763",
                    "0.967932045",
                    "25.0712852"
                ]
            ]
        },
        {
            "imagefile": "20191004_091724.tiff",
            "M3x4": [
                [
                    "0.572179198",
                    "-0.817156613",
                    "0.0697564632",
                    "2.83753705"
                ],
                [
                    "0.804499269",
                    "0.542715073",
                    "-0.241332605",
                    "-7.02957869"
                ],
                [
                    "0.159348667",
                    "0.194204524",
                    "0.967932045",
                    "25.4724407"
                ]
            ]
        },
        {
            "imagefile": "20191004_091725.tiff",
            "M3x4": [
                [
                    "0.569323301",
                    "-0.819148958",
                    "0.0697564781",
                    "3.50596333"
                ],
                [
                    "0.806388736",
                    "0.539903522",
                    "-0.241332605",
                    "-6.27497196"
                ],
                [
                    "0.160025597",
                    "0.193647116",
                    "0.967932105",
                    "25.6124153"
                ]
            ]
        },
        {
            "imagefile": "20191004_091727.tiff",
            "M3x4": [
                [
                    "0.557830691",
                    "-0.827018082",
                    "0.0697564855",
                    "4.31018353"
                ],
                [
                    "0.813848317",
                    "0.528591931",
                    "-0.24133262",
                    "-5.52523375"
                ],
                [
                    "0.162713736",
                    "0.191393957",
                    "0.967932105",
                    "25.6897335"
                ]
            ]
        },
        {
            "imagefile": "20191004_091729.tiff",
            "M3x4": [
                [
                    "0.556386471",
                    "-0.827990353",
                    "0.0697564483",
                    "4.82953215"
                ],
                [
                    "0.814769626",
                    "0.527170718",
                    "-0.241332635",
                    "-4.7503252"
                ],
                [
                    "0.163047537",
                    "0.191109672",
                    "0.967932105",
                    "25.6905403"
                ]
            ]
        },
        {
            "imagefile": "20191004_091730.tiff",
            "M3x4": [
                [
                    "0.562153339",
                    "-0.824085951",
                    "0.0697564706",
                    "5.6084795"
                ],
                [
                    "0.811069369",
                    "0.532845974",
                    "-0.241332605",
                    "-4.10213804"
                ],
                [
                    "0.161709353",
                    "0.192243263",
                    "0.967932045",
                    "25.8993263"
                ]
            ]
        },
        {
            "imagefile": "20191004_091732.tiff",
            "M3x4": [
                [
                    "0.563590586",
                    "-0.823103547",
                    "0.0697564781",
                    "6.27206898"
                ],
                [
                    "0.810138226",
                    "0.534260631",
                    "-0.241332605",
                    "-3.19761968"
                ],
                [
                    "0.161373615",
                    "0.192525208",
                    "0.967932105",
                    "26.1286812"
                ]
            ]
        },
        {
            "imagefile": "20191004_091733.tiff",
            "M3x4": [
                [
                    "0.559273303",
                    "-0.826043189",
                    "0.0697564408",
                    "6.89351749"
                ],
                [
                    "0.812924504",
                    "0.530011594",
                    "-0.241332605",
                    "-2.40488052"
                ],
                [
                    "0.162379429",
                    "0.19167763",
                    "0.967932045",
                    "26.2815475"
                ]
            ]
        },
        {
            "imagefile": "20191004_091735.tiff",
            "M3x4": [
                [
                    "0.559273303",
                    "-0.826043189",
                    "0.0697564408",
                    "7.51834869"
                ],
                [
                    "0.812924504",
                    "0.530011594",
                    "-0.241332605",
                    "-1.80807352"
                ],
                [
                    "0.162379429",
                    "0.19167763",
                    "0.967932045",
                    "26.4369736"
                ]
            ]
        },
        {
            "imagefile": "20191004_091736.tiff",
            "M3x4": [
                [
                    "0.559273303",
                    "-0.826043189",
                    "0.0697564408",
                    "8.22392654"
                ],
                [
                    "0.812924504",
                    "0.530011594",
                    "-0.241332605",
                    "-1.08341789"
                ],
                [
                    "0.162379429",
                    "0.19167763",
                    "0.967932045",
                    "26.3601761"
                ]
            ]
        },
        {
            "imagefile": "20191004_091738.tiff",
            "M3x4": [
                [
                    "0.557830691",
                    "-0.827018082",
                    "0.0697564855",
                    "8.94448757"
                ],
                [
                    "0.813848317",
                    "0.528591931",
                    "-0.24133262",
                    "-0.221612573"
                ],
                [
                    "0.162713736",
                    "0.191393957",
                    "0.967932105",
                    "26.5231209"
                ]
            ]
        },
        {
            "imagefile": "20191004_091739.tiff",
            "M3x4": [
                [
                    "0.562153339",
                    "-0.824085951",
                    "0.0697564706",
                    "9.6229372"
                ],
                [
                    "0.811069369",
                    "0.532845974",
                    "-0.241332605",
                    "0.499195129"
                ],
                [
                    "0.161709353",
                    "0.192243263",
                    "0.967932045",
                    "26.653944"
                ]
            ]
        },
        {
            "imagefile": "20191004_091741.tiff",
            "M3x4": [
                [
                    "0.560714066",
                    "-0.825065851",
                    "0.0697564557",
                    "10.3112268"
                ],
                [
                    "0.811998367",
                    "0.531429529",
                    "-0.241332605",
                    "1.22239447"
                ],
                [
                    "0.162044659",
                    "0.191960722",
                    "0.967932045",
                    "26.9396229"
                ]
            ]
        },
        {
            "imagefile": "20191004_091742.tiff",
            "M3x4": [
                [
                    "0.557830691",
                    "-0.827018082",
                    "0.0697564855",
                    "11.0628395"
                ],
                [
                    "0.813848317",
                    "0.528591931",
                    "-0.24133262",
                    "1.91764069"
                ],
                [
                    "0.162713736",
                    "0.191393957",
                    "0.967932105",
                    "27.0071468"
                ]
            ]
        },
        {
            "imagefile": "20191004_091744.tiff",
            "M3x4": [
                [
                    "0.557830691",
                    "-0.827018082",
                    "0.0697564855",
                    "11.7849083"
                ],
                [
                    "0.813848317",
                    "0.528591931",
                    "-0.24133262",
                    "2.51798034"
                ],
                [
                    "0.162713736",
                    "0.191393957",
                    "0.967932105",
                    "27.0014782"
                ]
            ]
        },
        {
            "imagefile": "20191004_091745.tiff",
            "M3x4": [
                [
                    "0.562153339",
                    "-0.824085951",
                    "0.0697564706",
                    "12.6577253"
                ],
                [
                    "0.811069369",
                    "0.532845974",
                    "-0.241332605",
                    "3.14882445"
                ],
                [
                    "0.161709353",
                    "0.192243263",
                    "0.967932045",
                    "27.3024864"
                ]
            ]
        },
        {
            "imagefile": "20191004_091747.tiff",
            "M3x4": [
                [
                    "0.570752144",
                    "-0.818153977",
                    "0.0697564706",
                    "13.5699844"
                ],
                [
                    "0.805445194",
                    "0.541310072",
                    "-0.24133262",
                    "3.73653173"
                ],
                [
                    "0.1596874",
                    "0.193926141",
                    "0.967932105",
                    "27.5382442"
                ]
            ]
        },
        {
            "imagefile": "20191004_091748.tiff",
            "M3x4": [
                [
                    "0.559273303",
                    "-0.826043189",
                    "0.0697564408",
                    "14.1357975"
                ],
                [
                    "0.812924504",
                    "0.530011594",
                    "-0.241332605",
                    "4.45496273"
                ],
                [
                    "0.162379429",
                    "0.19167763",
                    "0.967932045",
                    "27.6249371"
                ]
            ]
        },
        {
            "imagefile": "20191004_091750.tiff",
            "M3x4": [
                [
                    "0.560714066",
                    "-0.825065851",
                    "0.0697564557",
                    "14.9809647"
                ],
                [
                    "0.811998367",
                    "0.531429529",
                    "-0.241332605",
                    "4.93223095"
                ],
                [
                    "0.162044659",
                    "0.191960722",
                    "0.967932045",
                    "27.6313648"
                ]
            ]
        },
        {
            "imagefile": "20191004_091801.tiff",
            "M3x4": [
                [
                    "0.547685385",
                    "-0.833771348",
                    "0.0697564855",
                    "15.0560455"
                ],
                [
                    "0.820245326",
                    "0.518609703",
                    "-0.241332591",
                    "5.25090075"
                ],
                [
                    "0.165039837",
                    "0.189391777",
                    "0.967932105",
                    "27.4987831"
                ]
            ]
        },
        {
            "imagefile": "20191004_091802.tiff",
            "M3x4": [
                [
                    "0.560714066",
                    "-0.825065851",
                    "0.0697564557",
                    "15.0050125"
                ],
                [
                    "0.811998367",
                    "0.531429529",
                    "-0.241332605",
                    "4.01245594"
                ],
                [
                    "0.162044659",
                    "0.191960722",
                    "0.967932045",
                    "27.3486519"
                ]
            ]
        },
        {
            "imagefile": "20191004_091803.tiff",
            "M3x4": [
                [
                    "0.559273303",
                    "-0.826043189",
                    "0.0697564408",
                    "14.7013063"
                ],
                [
                    "0.812924504",
                    "0.530011594",
                    "-0.241332605",
                    "3.15025258"
                ],
                [
                    "0.162379429",
                    "0.19167763",
                    "0.967932045",
                    "27.3105373"
                ]
            ]
        },
        {
            "imagefile": "20191004_091805.tiff",
            "M3x4": [
                [
                    "0.560714066",
                    "-0.825065851",
                    "0.0697564557",
                    "14.4744177"
                ],
                [
                    "0.811998367",
                    "0.531429529",
                    "-0.241332605",
                    "2.10313416"
                ],
                [
                    "0.162044659",
                    "0.191960722",
                    "0.967932045",
                    "26.9624977"
                ]
            ]
        },
        {
            "imagefile": "20191004_091806.tiff",
            "M3x4": [
                [
                    "0.573604524",
                    "-0.816156745",
                    "0.0697564632",
                    "14.4365959"
                ],
                [
                    "0.80355072",
                    "0.544118285",
                    "-0.241332605",
                    "0.930903256"
                ],
                [
                    "0.159009472",
                    "0.194482341",
                    "0.967932105",
                    "26.7762699"
                ]
            ]
        }
    ]
}
