{
	"images": [
		{
			"imagefile": "B01_PICT0267.JPG",
			"M3x4": [
				[
					0.9958117345169771,
					-0.011607702885616439,
					-0.09068766960313472,
					0.05252579999999999
				],
				[
					0.005638398721251511,
					0.9978166627062448,
					-0.06580362860808396,
					-0.02011610000000001
				],
				[
					0.09125349661349018,
					0.06501669256313882,
					0.993702990451744,
					-0.17464299999999997
				]
			]
		},
		{
			"imagefile": "B02_PICT0268.JPG",
			"M3x4": [
				[
					0.9971239198824174,
					-0.0032977034647475756,
					-0.0757166378959814,
					1.2742599999999998
				],
				[
					0.000052945087331876456,
					0.9990829721906767,
					-0.042816007587421277,
					0.024945400000000004
				],
				[
					0.07578839818356308,
					0.042688856400318119,
					0.996209704117842,
					-0.07260520000000001
				]
			]
		},
		{
			"imagefile": "B03_PICT0270.JPG",
			"M3x4": [
				[
					0.9971565053731769,
					0.019752668479960175,
					-0.07272369020725697,
					2.424339999999999
				],
				[
					-0.021049865753980575,
					0.9996319348318471,
					-0.017114260643589127,
					-0.03533079999999998
				],
				[
					0.07235887078430459,
					0.018596420450132223,
					0.9972052778720277,
					-0.15395700000000005
				]
			]
		},
		{
			"imagefile": "B04_PICT0269.JPG",
			"M3x4": [
				[
					0.9986834842772414,
					-0.0016665963570779675,
					-0.051269091080174088,
					3.7006299999999996
				],
				[
					0.0014612239884760983,
					0.9999907594667691,
					-0.004042993766185019,
					0.098524
				],
				[
					0.05127535536746784,
					0.003962755445455013,
					0.9986766911808127,
					-0.514353
				]
			]
		},
		{
			"imagefile": "B05_PICT0267.JPG",
			"M3x4": [
				[
					0.9984297955903907,
					0.006426419140774544,
					-0.055647484961632329,
					5.0543
				],
				[
					-0.0007976888441023781,
					0.9949279961302942,
					0.10058648165463422,
					0.015955700000000004
				],
				[
					0.05601165180599482,
					-0.10038415082161705,
					0.9933708820940183,
					-0.25931299999999998
				]
			]
		},
		{
			"imagefile": "G01_PICT0267.JPG",
			"M3x4": [
				[
					0.9956328664586296,
					0.04258476352837961,
					-0.0830766183680244,
					-1.3049299999999998
				],
				[
					-0.05257231915768279,
					0.9911367162692691,
					-0.12200058778680514,
					0.00038772200000001454
				],
				[
					0.07714491469058164,
					0.12583532920915015,
					0.9890470718995461,
					-0.0971739
				]
			]
		},
		{
			"imagefile": "G02_PICT0268.JPG",
			"M3x4": [
				[
					0.9951049935361822,
					-0.001572670594145348,
					-0.09881081313643234,
					-2.5638599999999998
				],
				[
					0.00046845925886922083,
					0.999937199527167,
					-0.01119721059853071,
					-0.0675222
				],
				[
					0.09882221729653416,
					0.011096111321872148,
					0.9950432372043577,
					-0.550397
				]
			]
		},
		{
			"imagefile": "G03_PICT0270.JPG",
			"M3x4": [
				[
					0.9964475054833777,
					0.017447298328695409,
					-0.08238909371007157,
					-3.6354099999999995
				],
				[
					-0.015725230526405896,
					0.9996450730520631,
					0.02150454054307334,
					0.0905845
				],
				[
					0.0827350476293381,
					-0.02013255870739722,
					0.9963682021157573,
					-0.09757969999999997
				]
			]
		},
		{
			"imagefile": "G04_PICT0267.JPG",
			"M3x4": [
				[
					0.9960740740499823,
					0.01723719042489277,
					-0.08682922584007545,
					-4.88287
				],
				[
					-0.0153901071180162,
					0.9996417615318247,
					0.021897325330447635,
					-0.0009065830000000051
				],
				[
					0.08717556880586916,
					-0.020475046275587794,
					0.9959825243360244,
					-0.018224299999999976
				]
			]
		},
		{
			"imagefile": "G05_PICT0268.JPG",
			"M3x4": [
				[
					0.9925841061012688,
					0.01973429285468726,
					-0.1199472213053899,
					-6.03883
				],
				[
					0.003806963699187748,
					0.9812040379730831,
					0.19293549997605875,
					0.09682630000000002
				],
				[
					0.12150014502358345,
					-0.19196134457005693,
					0.9738524052590393,
					0.145398
				]
			]
		}
	]
}