{"images": [{"imagefile": "31.png", "M3x4": [[0.9945218953682733, -0.10452846326765342, -0.0, -3.1725731711559653], [0.10452846326765342, 0.9945218953682733, 0.0, 14.66177421312209], [0.0, -0.0, 1.0, 312.23864195287615]]}, {"imagefile": "32.png", "M3x4": [[0.9945218953682733, -0.10452846326765342, -0.0, -3.0900184344119332], [0.10452846326765342, 0.9945218953682733, 0.0, 13.700114016955341], [0.0, -0.0, 1.0, 312.1781600621368]]}, {"imagefile": "3.png", "M3x4": [[0.9945218953682733, -0.10452846326765342, -0.0, -7.045055697896136], [0.10452846326765342, 0.9945218953682733, 0.0, 41.90956822149905], [0.0, -0.0, 1.0, 311.34290000000004]]}, {"imagefile": "4.png", "M3x4": [[0.9945218953682733, -0.10452846326765342, -0.0, -6.905023388628874], [0.10452846326765342, 0.9945218953682733, 0.0, 40.905019319673315], [0.0, -0.0, 1.0, 311.34290000000004]]}, {"imagefile": "5.png", "M3x4": [[0.9945218953682733, -0.10452846326765342, -0.0, -6.741014740101001], [0.10452846326765342, 0.9945218953682733, 0.0, 39.927766353741134], [0.0, -0.0, 1.0, 311.4731728604076]]}, {"imagefile": "6.png", "M3x4": [[0.9945218953682733, -0.10452846326765342, -0.0, -6.549913289226078], [0.10452846326765342, 0.9945218953682733, 0.0, 38.95198399623704], [0.0, -0.0, 1.0, 311.6429]]}, {"imagefile": "7.png", "M3x4": [[0.9945218953682733, -0.10452846326765342, -0.0, -6.405844200598947], [0.10452846326765342, 0.9945218953682733, 0.0, 38.172255141645934], [0.0, -0.0, 1.0, 311.6429]]}, {"imagefile": "8.png", "M3x4": [[0.9945218953682733, -0.10452846326765342, -0.0, -6.220595847929652], [0.10452846326765342, 0.9945218953682733, 0.0, 37.19369674194107], [0.0, -0.0, 1.0, 311.6429]]}, {"imagefile": "9.png", "M3x4": [[0.9945218953682733, -0.10452846326765342, -0.0, -6.052369717404276], [0.10452846326765342, 0.9945218953682733, 0.0, 36.17499253761434], [0.0, -0.0, 1.0, 311.6429]]}, {"imagefile": "10.png", "M3x4": [[0.9945218953682733, -0.10452846326765342, -0.0, -5.911111264707183], [0.10452846326765342, 0.9945218953682733, 0.0, 35.234051863271596], [0.0, -0.0, 1.0, 311.6762659653363]]}, {"imagefile": "11.png", "M3x4": [[0.9945218953682733, -0.10452846326765342, -0.0, -5.785255318567281], [0.10452846326765342, 0.9945218953682733, 0.0, 34.26043015607423], [0.0, -0.0, 1.0, 311.6929]]}, {"imagefile": "12.png", "M3x4": [[0.9945218953682733, -0.10452846326765342, -0.0, -5.651791889522504], [0.10452846326765342, 0.9945218953682733, 0.0, 33.28343848751096], [0.0, -0.0, 1.0, 311.79290000000003]]}, {"imagefile": "13.png", "M3x4": [[0.9945218953682733, -0.10452846326765342, -0.0, -5.555280570589761], [0.10452846326765342, 0.9945218953682733, 0.0, 32.602222508843205], [0.0, -0.0, 1.0, 311.79290000000003]]}, {"imagefile": "14.png", "M3x4": [[0.9945218953682733, -0.10452846326765342, -0.0, -5.421879803660739], [0.10452846326765342, 0.9945218953682733, 0.0, 31.66240892370498], [0.0, -0.0, 1.0, 311.7176569358882]]}, {"imagefile": "15.png", "M3x4": [[0.9945218953682733, -0.10452846326765342, -0.0, -5.251327556866599], [0.10452846326765342, 0.9945218953682733, 0.0, 30.547312635793375], [0.0, -0.0, 1.0, 311.78651952702876]]}, {"imagefile": "16.png", "M3x4": [[0.9945218953682733, -0.10452846326765342, -0.0, -5.109836857230117], [0.10452846326765342, 0.9945218953682733, 0.0, 29.612652961907944], [0.0, -0.0, 1.0, 311.84290000000004]]}, {"imagefile": "17.png", "M3x4": [[0.9945218953682733, -0.10452846326765342, -0.0, -4.970040857750856], [0.10452846326765342, 0.9945218953682733, 0.0, 28.63529588680829], [0.0, -0.0, 1.0, 311.86489577564964]]}, {"imagefile": "18.png", "M3x4": [[0.9945218953682733, -0.10452846326765342, -0.0, -4.815657463671204], [0.10452846326765342, 0.9945218953682733, 0.0, 27.633549444488963], [0.0, -0.0, 1.0, 311.96705457567714]]}, {"imagefile": "19.png", "M3x4": [[0.9945218953682733, -0.10452846326765342, -0.0, -4.6723438380311455], [0.10452846326765342, 0.9945218953682733, 0.0, 26.59177821537116], [0.0, -0.0, 1.0, 311.9890358171564]]}, {"imagefile": "20.png", "M3x4": [[0.9945218953682733, -0.10452846326765342, -0.0, -4.559464372161412], [0.10452846326765342, 0.9945218953682733, 0.0, 25.62185437971827], [0.0, -0.0, 1.0, 311.9429]]}, {"imagefile": "21.png", "M3x4": [[0.9945218953682733, -0.10452846326765342, -0.0, -4.452304811645215], [0.10452846326765342, 0.9945218953682733, 0.0, 24.72694780459375], [0.0, -0.0, 1.0, 311.9429]]}, {"imagefile": "22.png", "M3x4": [[0.9945218953682733, -0.10452846326765342, -0.0, -4.329353285500077], [0.10452846326765342, 0.9945218953682733, 0.0, 23.69782290050509], [0.0, -0.0, 1.0, 312.0562620287819]]}, {"imagefile": "23.png", "M3x4": [[0.9945218953682733, -0.10452846326765342, -0.0, -4.199697535618263], [0.10452846326765342, 0.9945218953682733, 0.0, 22.763120676726746], [0.0, -0.0, 1.0, 312.23556361026664]]}, {"imagefile": "24.png", "M3x4": [[0.9945218953682733, -0.10452846326765342, -0.0, -4.069749911807643], [0.10452846326765342, 0.9945218953682733, 0.0, 21.8184516871551], [0.0, -0.0, 1.0, 312.2429]]}, {"imagefile": "25.png", "M3x4": [[0.9945218953682733, -0.10452846326765342, -0.0, -3.941559236854488], [0.10452846326765342, 0.9945218953682733, 0.0, 20.89342991716135], [0.0, -0.0, 1.0, 312.2429]]}, {"imagefile": "26.png", "M3x4": [[0.9945218953682733, -0.10452846326765342, -0.0, -3.797390125499912], [0.10452846326765342, 0.9945218953682733, 0.0, 19.87851926658618], [0.0, -0.0, 1.0, 312.21449819606244]]}, {"imagefile": "27.png", "M3x4": [[0.9945218953682733, -0.10452846326765342, -0.0, -3.6332822422693956], [0.10452846326765342, 0.9945218953682733, 0.0, 18.66875208020528], [0.0, -0.0, 1.0, 312.1929]]}, {"imagefile": "28.png", "M3x4": [[0.9945218953682733, -0.10452846326765342, -0.0, -3.509718497376711], [0.10452846326765342, 0.9945218953682733, 0.0, 17.76692816563187], [0.0, -0.0, 1.0, 312.1929]]}, {"imagefile": "29.png", "M3x4": [[0.9945218953682733, -0.10452846326765342, -0.0, -3.3904517022829572], [0.10452846326765342, 0.9945218953682733, 0.0, 16.75083083592916], [0.0, -0.0, 1.0, 312.21594259283336]]}, {"imagefile": "30.png", "M3x4": [[0.9945218953682733, -0.10452846326765342, -0.0, -3.24931284954212], [0.10452846326765342, 0.9945218953682733, 0.0, 15.473904299054956], [0.0, -0.0, 1.0, 312.2429]]}]}