{"images": [{"imagefile": "31.png", "M3x4": [[0.9945218953682733, -0.10452846326765342, -0.0, -3.1725731711559653], [0.10452846326765342, 0.9945218953682733, 0.0, 14.66177421312209], [0.0, -0.0, 1.0, 312.23864195287615]]}, {"imagefile": "32.png", "M3x4": [[0.9945218953682733, -0.10452846326765342, -0.0, -3.0900184344119332], [0.10452846326765342, 0.9945218953682733, 0.0, 13.700114016955341], [0.0, -0.0, 1.0, 312.1781600621368]]}, {"imagefile": "33.png", "M3x4": [[0.9945218953682733, -0.10452846326765342, -0.0, -2.9885818820193544], [0.10452846326765342, 0.9945218953682733, 0.0, 12.517267530488992], [0.0, -0.0, 1.0, 312.1429]]}, {"imagefile": "34.png", "M3x4": [[0.9945218953682733, -0.10452846326765342, -0.0, -2.8944945797194137], [0.10452846326765342, 0.9945218953682733, 0.0, 11.514340611713429], [0.0, -0.0, 1.0, 312.1429]]}, {"imagefile": "35.png", "M3x4": [[0.9945218953682733, -0.10452846326765342, -0.0, -2.819252760184755], [0.10452846326765342, 0.9945218953682733, 0.0, 10.793808292322492], [0.0, -0.0, 1.0, 312.1429]]}, {"imagefile": "36.png", "M3x4": [[0.9945218953682733, -0.10452846326765342, -0.0, -2.698649272195129], [0.10452846326765342, 0.9945218953682733, 0.0, 9.797673537072308], [0.0, -0.0, 1.0, 312.1429]]}, {"imagefile": "37.png", "M3x4": [[0.9945218953682733, -0.10452846326765342, -0.0, -2.5404781202930398], [0.10452846326765342, 0.9945218953682733, 0.0, 8.734628637943512], [0.0, -0.0, 1.0, 312.1065986639218]]}, {"imagefile": "38.png", "M3x4": [[0.9945218953682733, -0.10452846326765342, -0.0, -2.3688937554059035], [0.10452846326765342, 0.9945218953682733, 0.0, 7.679324779863809], [0.0, -0.0, 1.0, 312.04290000000003]]}, {"imagefile": "39.png", "M3x4": [[0.9945218953682733, -0.10452846326765342, -0.0, -2.1977881419959946], [0.10452846326765342, 0.9945218953682733, 0.0, 6.664733256348405], [0.0, -0.0, 1.0, 311.5420465423709]]}, {"imagefile": "40.png", "M3x4": [[0.9945218953682733, -0.10452846326765342, -0.0, -2.023576914708759], [0.10452846326765342, 0.9945218953682733, 0.0, 5.585109926685596], [0.0, -0.0, 1.0, 312.04290000000003]]}, {"imagefile": "41.png", "M3x4": [[0.9945218953682733, -0.10452846326765342, -0.0, -1.8470220063267042], [0.10452846326765342, 0.9945218953682733, 0.0, 4.414307881949558], [0.0, -0.0, 1.0, 312.0736631295033]]}, {"imagefile": "42.png", "M3x4": [[0.9945218953682733, -0.10452846326765342, -0.0, -1.7188788058181725], [0.10452846326765342, 0.9945218953682733, 0.0, 3.428268210373708], [0.0, -0.0, 1.0, 311.9973027883069]]}, {"imagefile": "43.png", "M3x4": [[0.9945218953682733, -0.10452846326765342, -0.0, -1.6504073822553909], [0.10452846326765342, 0.9945218953682733, 0.0, 2.4698078351959025], [0.0, -0.0, 1.0, 311.9429]]}, {"imagefile": "44.png", "M3x4": [[0.9945218953682733, -0.10452846326765342, -0.0, -1.593326373255319], [0.10452846326765342, 0.9945218953682733, 0.0, 1.5005907392362652], [0.0, -0.0, 1.0, 311.9429]]}, {"imagefile": "15.png", "M3x4": [[0.9945218953682733, -0.10452846326765342, -0.0, -5.251327556866599], [0.10452846326765342, 0.9945218953682733, 0.0, 30.547312635793375], [0.0, -0.0, 1.0, 311.78651952702876]]}, {"imagefile": "16.png", "M3x4": [[0.9945218953682733, -0.10452846326765342, -0.0, -5.109836857230117], [0.10452846326765342, 0.9945218953682733, 0.0, 29.612652961907944], [0.0, -0.0, 1.0, 311.84290000000004]]}, {"imagefile": "17.png", "M3x4": [[0.9945218953682733, -0.10452846326765342, -0.0, -4.970040857750856], [0.10452846326765342, 0.9945218953682733, 0.0, 28.63529588680829], [0.0, -0.0, 1.0, 311.86489577564964]]}, {"imagefile": "18.png", "M3x4": [[0.9945218953682733, -0.10452846326765342, -0.0, -4.815657463671204], [0.10452846326765342, 0.9945218953682733, 0.0, 27.633549444488963], [0.0, -0.0, 1.0, 311.96705457567714]]}, {"imagefile": "19.png", "M3x4": [[0.9945218953682733, -0.10452846326765342, -0.0, -4.6723438380311455], [0.10452846326765342, 0.9945218953682733, 0.0, 26.59177821537116], [0.0, -0.0, 1.0, 311.9890358171564]]}, {"imagefile": "20.png", "M3x4": [[0.9945218953682733, -0.10452846326765342, -0.0, -4.559464372161412], [0.10452846326765342, 0.9945218953682733, 0.0, 25.62185437971827], [0.0, -0.0, 1.0, 311.9429]]}, {"imagefile": "21.png", "M3x4": [[0.9945218953682733, -0.10452846326765342, -0.0, -4.452304811645215], [0.10452846326765342, 0.9945218953682733, 0.0, 24.72694780459375], [0.0, -0.0, 1.0, 311.9429]]}, {"imagefile": "22.png", "M3x4": [[0.9945218953682733, -0.10452846326765342, -0.0, -4.329353285500077], [0.10452846326765342, 0.9945218953682733, 0.0, 23.69782290050509], [0.0, -0.0, 1.0, 312.0562620287819]]}, {"imagefile": "23.png", "M3x4": [[0.9945218953682733, -0.10452846326765342, -0.0, -4.199697535618263], [0.10452846326765342, 0.9945218953682733, 0.0, 22.763120676726746], [0.0, -0.0, 1.0, 312.23556361026664]]}, {"imagefile": "24.png", "M3x4": [[0.9945218953682733, -0.10452846326765342, -0.0, -4.069749911807643], [0.10452846326765342, 0.9945218953682733, 0.0, 21.8184516871551], [0.0, -0.0, 1.0, 312.2429]]}, {"imagefile": "25.png", "M3x4": [[0.9945218953682733, -0.10452846326765342, -0.0, -3.941559236854488], [0.10452846326765342, 0.9945218953682733, 0.0, 20.89342991716135], [0.0, -0.0, 1.0, 312.2429]]}, {"imagefile": "26.png", "M3x4": [[0.9945218953682733, -0.10452846326765342, -0.0, -3.797390125499912], [0.10452846326765342, 0.9945218953682733, 0.0, 19.87851926658618], [0.0, -0.0, 1.0, 312.21449819606244]]}, {"imagefile": "27.png", "M3x4": [[0.9945218953682733, -0.10452846326765342, -0.0, -3.6332822422693956], [0.10452846326765342, 0.9945218953682733, 0.0, 18.66875208020528], [0.0, -0.0, 1.0, 312.1929]]}, {"imagefile": "28.png", "M3x4": [[0.9945218953682733, -0.10452846326765342, -0.0, -3.509718497376711], [0.10452846326765342, 0.9945218953682733, 0.0, 17.76692816563187], [0.0, -0.0, 1.0, 312.1929]]}, {"imagefile": "29.png", "M3x4": [[0.9945218953682733, -0.10452846326765342, -0.0, -3.3904517022829572], [0.10452846326765342, 0.9945218953682733, 0.0, 16.75083083592916], [0.0, -0.0, 1.0, 312.21594259283336]]}, {"imagefile": "30.png", "M3x4": [[0.9945218953682733, -0.10452846326765342, -0.0, -3.24931284954212], [0.10452846326765342, 0.9945218953682733, 0.0, 15.473904299054956], [0.0, -0.0, 1.0, 312.2429]]}]}