{"images": [{"imagefile": "61.png", "M3x4": [[0.9945218953682733, -0.10452846326765342, -0.0, 0.11573562757803471], [0.10452846326765342, 0.9945218953682733, 0.0, -15.146767413008147], [0.0, -0.0, 1.0, 309.5335131801123]]}, {"imagefile": "62.png", "M3x4": [[0.9945218953682733, -0.10452846326765342, -0.0, 0.19383014662571516], [0.10452846326765342, 0.9945218953682733, 0.0, -16.152343030108938], [0.0, -0.0, 1.0, 309.5335131801123]]}, {"imagefile": "63.png", "M3x4": [[0.9945218953682733, -0.10452846326765342, -0.0, 0.2545837871572797], [0.10452846326765342, 0.9945218953682733, 0.0, -16.869410577760032], [0.0, -0.0, 1.0, 309.5335131801123]]}, {"imagefile": "64.png", "M3x4": [[0.9945218953682733, -0.10452846326765342, -0.0, 0.3629207606695395], [0.10452846326765342, 0.9945218953682733, 0.0, -18.075645261245153], [0.0, -0.0, 1.0, 309.5335131801123]]}, {"imagefile": "65.png", "M3x4": [[0.9945218953682733, -0.10452846326765342, -0.0, 0.45151908901300647], [0.10452846326765342, 0.9945218953682733, 0.0, -19.010834000870258], [0.0, -0.0, 1.0, 309.5335131801123]]}, {"imagefile": "66.png", "M3x4": [[0.9945218953682733, -0.10452846326765342, -0.0, 0.5438678499868131], [0.10452846326765342, 0.9945218953682733, 0.0, -20.066419689423412], [0.0, -0.0, 1.0, 309.5335131801123]]}, {"imagefile": "67.png", "M3x4": [[0.9945218953682733, -0.10452846326765342, -0.0, 0.6288110505793647], [0.10452846326765342, 0.9945218953682733, 0.0, -20.9253445342337], [0.0, -0.0, 1.0, 309.5335131801123]]}, {"imagefile": "68.png", "M3x4": [[0.9945218953682733, -0.10452846326765342, -0.0, 0.7335936510035708], [0.10452846326765342, 0.9945218953682733, 0.0, -21.930101124255135], [0.0, -0.0, 1.0, 309.5335131801123]]}, {"imagefile": "69.png", "M3x4": [[0.9945218953682733, -0.10452846326765342, -0.0, 0.8299694873019303], [0.10452846326765342, 0.9945218953682733, 0.0, -22.925139030260496], [0.0, -0.0, 1.0, 309.5335131801123]]}, {"imagefile": "70.png", "M3x4": [[0.9945218953682733, -0.10452846326765342, -0.0, 0.9272876835555409], [0.10452846326765342, 0.9945218953682733, 0.0, -23.857996005655707], [0.0, -0.0, 1.0, 309.5335131801123]]}, {"imagefile": "71.png", "M3x4": [[0.9945218953682733, -0.10452846326765342, -0.0, 1.0308773984606963], [0.10452846326765342, 0.9945218953682733, 0.0, -24.953284078896345], [0.0, -0.0, 1.0, 309.5335131801123]]}, {"imagefile": "72.png", "M3x4": [[0.9945218953682733, -0.10452846326765342, -0.0, 1.1059553626617047], [0.10452846326765342, 0.9945218953682733, 0.0, -25.74143486250626], [0.0, -0.0, 1.0, 309.5335131801123]]}, {"imagefile": "73.png", "M3x4": [[0.9945218953682733, -0.10452846326765342, -0.0, 1.1986100724717865], [0.10452846326765342, 0.9945218953682733, 0.0, -26.675184955915217], [0.0, -0.0, 1.0, 309.5335131801123]]}, {"imagefile": "74.png", "M3x4": [[0.9945218953682733, -0.10452846326765342, -0.0, 1.3031665583995051], [0.10452846326765342, 0.9945218953682733, 0.0, -27.71304426208263], [0.0, -0.0, 1.0, 309.5335131801123]]}, {"imagefile": "75.png", "M3x4": [[0.9945218953682733, -0.10452846326765342, -0.0, 1.4106456556519456], [0.10452846326765342, 0.9945218953682733, 0.0, -28.733594988317368], [0.0, -0.0, 1.0, 309.5335131801123]]}, {"imagefile": "76.png", "M3x4": [[0.9945218953682733, -0.10452846326765342, -0.0, 1.4936719952457789], [0.10452846326765342, 0.9945218953682733, 0.0, -29.53059627918926], [0.0, -0.0, 1.0, 309.5335131801123]]}, {"imagefile": "77.png", "M3x4": [[0.9945218953682733, -0.10452846326765342, -0.0, 1.5933196283566287], [0.10452846326765342, 0.9945218953682733, 0.0, -30.507587945299573], [0.0, -0.0, 1.0, 309.5335131801123]]}, {"imagefile": "78.png", "M3x4": [[0.9945218953682733, -0.10452846326765342, -0.0, 1.6880832088585154], [0.10452846326765342, 0.9945218953682733, 0.0, -31.517299651889125], [0.0, -0.0, 1.0, 309.5335131801123]]}, {"imagefile": "79.png", "M3x4": [[0.9945218953682733, -0.10452846326765342, -0.0, 1.786417163300096], [0.10452846326765342, 0.9945218953682733, 0.0, -32.5076921412367], [0.0, -0.0, 1.0, 309.5335131801123]]}, {"imagefile": "80.png", "M3x4": [[0.9945218953682733, -0.10452846326765342, -0.0, 1.8862200480649276], [0.10452846326765342, 0.9945218953682733, 0.0, -33.83893626951622], [0.0, -0.0, 1.0, 309.5335131801123]]}, {"imagefile": "81.png", "M3x4": [[0.9945218953682733, -0.10452846326765342, -0.0, 1.9421380912724786], [0.10452846326765342, 0.9945218953682733, 0.0, -34.845879278600506], [0.0, -0.0, 1.0, 309.5335131801123]]}, {"imagefile": "82.png", "M3x4": [[0.9945218953682733, -0.10452846326765342, -0.0, 1.978116233191951], [0.10452846326765342, 0.9945218953682733, 0.0, -35.921967696629785], [0.0, -0.0, 1.0, 309.5335131801123]]}, {"imagefile": "83.png", "M3x4": [[0.9945218953682733, -0.10452846326765342, -0.0, 2.011857126470071], [0.10452846326765342, 0.9945218953682733, 0.0, -36.949685962429804], [0.0, -0.0, 1.0, 311.4929]]}, {"imagefile": "84.png", "M3x4": [[0.9945218953682733, -0.10452846326765342, -0.0, 2.0692376770877505], [0.10452846326765342, 0.9945218953682733, 0.0, -37.901760710379776], [0.0, -0.0, 1.0, 311.3414215233212]]}, {"imagefile": "85.png", "M3x4": [[0.9945218953682733, -0.10452846326765342, -0.0, 2.159057863125644], [0.10452846326765342, 0.9945218953682733, 0.0, -38.897932838158034], [0.0, -0.0, 1.0, 311.1929]]}, {"imagefile": "56.png", "M3x4": [[0.9945218953682733, -0.10452846326765342, -0.0, -0.3603038600567889], [0.10452846326765342, 0.9945218953682733, 0.0, -10.34831934272863], [0.0, -0.0, 1.0, 309.5335131801123]]}, {"imagefile": "57.png", "M3x4": [[0.9945218953682733, -0.10452846326765342, -0.0, -0.2443965578925662], [0.10452846326765342, 0.9945218953682733, 0.0, -11.330007137042426], [0.0, -0.0, 1.0, 309.5335131801123]]}, {"imagefile": "58.png", "M3x4": [[0.9945218953682733, -0.10452846326765342, -0.0, -0.13384612627395434], [0.10452846326765342, 0.9945218953682733, 0.0, -12.279216129690157], [0.0, -0.0, 1.0, 309.5335131801123]]}, {"imagefile": "59.png", "M3x4": [[0.9945218953682733, -0.10452846326765342, -0.0, -0.052185472796063094], [0.10452846326765342, 0.9945218953682733, 0.0, -13.175307781025923], [0.0, -0.0, 1.0, 309.5335131801123]]}, {"imagefile": "60.png", "M3x4": [[0.9945218953682733, -0.10452846326765342, -0.0, 0.033578721989908335], [0.10452846326765342, 0.9945218953682733, 0.0, -14.185069975799841], [0.0, -0.0, 1.0, 308.4709109983735]]}]}