{"images": [{"imagefile": "61.png", "M3x4": [[0.9945218953682733, -0.10452846326765342, -0.0, 0.11573562757803471], [0.10452846326765342, 0.9945218953682733, 0.0, -15.146767413008147], [0.0, -0.0, 1.0, 312.0435533277583]]}, {"imagefile": "62.png", "M3x4": [[0.9945218953682733, -0.10452846326765342, -0.0, 0.19383014662571516], [0.10452846326765342, 0.9945218953682733, 0.0, -16.152343030108938], [0.0, -0.0, 1.0, 310.58220714981167]]}, {"imagefile": "63.png", "M3x4": [[0.9945218953682733, -0.10452846326765342, -0.0, 0.2545837871572797], [0.10452846326765342, 0.9945218953682733, 0.0, -16.869410577760032], [0.0, -0.0, 1.0, 310.58220714981167]]}, {"imagefile": "64.png", "M3x4": [[0.9945218953682733, -0.10452846326765342, -0.0, 0.3629207606695395], [0.10452846326765342, 0.9945218953682733, 0.0, -18.075645261245153], [0.0, -0.0, 1.0, 311.95333676275567]]}, {"imagefile": "65.png", "M3x4": [[0.9945218953682733, -0.10452846326765342, -0.0, 0.45151908901300647], [0.10452846326765342, 0.9945218953682733, 0.0, -19.010834000870258], [0.0, -0.0, 1.0, 311.9429]]}, {"imagefile": "66.png", "M3x4": [[0.9945218953682733, -0.10452846326765342, -0.0, 0.5438678499868131], [0.10452846326765342, 0.9945218953682733, 0.0, -20.066419689423412], [0.0, -0.0, 1.0, 311.95550351398197]]}, {"imagefile": "67.png", "M3x4": [[0.9945218953682733, -0.10452846326765342, -0.0, 0.6288110505793647], [0.10452846326765342, 0.9945218953682733, 0.0, -20.9253445342337], [0.0, -0.0, 1.0, 311.90506475234525]]}, {"imagefile": "68.png", "M3x4": [[0.9945218953682733, -0.10452846326765342, -0.0, 0.7335936510035708], [0.10452846326765342, 0.9945218953682733, 0.0, -21.930101124255135], [0.0, -0.0, 1.0, 311.93775460330335]]}, {"imagefile": "69.png", "M3x4": [[0.9945218953682733, -0.10452846326765342, -0.0, 0.8299694873019303], [0.10452846326765342, 0.9945218953682733, 0.0, -22.925139030260496], [0.0, -0.0, 1.0, 311.79290000000003]]}, {"imagefile": "70.png", "M3x4": [[0.9945218953682733, -0.10452846326765342, -0.0, 0.9272876835555409], [0.10452846326765342, 0.9945218953682733, 0.0, -23.857996005655707], [0.0, -0.0, 1.0, 311.7784114461471]]}, {"imagefile": "71.png", "M3x4": [[0.9945218953682733, -0.10452846326765342, -0.0, 1.0308773984606963], [0.10452846326765342, 0.9945218953682733, 0.0, -24.953284078896345], [0.0, -0.0, 1.0, 311.70722000854994]]}, {"imagefile": "72.png", "M3x4": [[0.9945218953682733, -0.10452846326765342, -0.0, 1.1059553626617047], [0.10452846326765342, 0.9945218953682733, 0.0, -25.74143486250626], [0.0, -0.0, 1.0, 311.71157365096093]]}, {"imagefile": "73.png", "M3x4": [[0.9945218953682733, -0.10452846326765342, -0.0, 1.1986100724717865], [0.10452846326765342, 0.9945218953682733, 0.0, -26.675184955915217], [0.0, -0.0, 1.0, 311.7423792343951]]}, {"imagefile": "74.png", "M3x4": [[0.9945218953682733, -0.10452846326765342, -0.0, 1.3031665583995051], [0.10452846326765342, 0.9945218953682733, 0.0, -27.71304426208263], [0.0, -0.0, 1.0, 311.7022731239534]]}, {"imagefile": "75.png", "M3x4": [[0.9945218953682733, -0.10452846326765342, -0.0, 1.4106456556519456], [0.10452846326765342, 0.9945218953682733, 0.0, -28.733594988317368], [0.0, -0.0, 1.0, 311.77287860452344]]}, {"imagefile": "76.png", "M3x4": [[0.9945218953682733, -0.10452846326765342, -0.0, 1.4936719952457789], [0.10452846326765342, 0.9945218953682733, 0.0, -29.53059627918926], [0.0, -0.0, 1.0, 311.79290000000003]]}, {"imagefile": "77.png", "M3x4": [[0.9945218953682733, -0.10452846326765342, -0.0, 1.5933196283566287], [0.10452846326765342, 0.9945218953682733, 0.0, -30.507587945299573], [0.0, -0.0, 1.0, 311.7618508224734]]}, {"imagefile": "78.png", "M3x4": [[0.9945218953682733, -0.10452846326765342, -0.0, 1.6880832088585154], [0.10452846326765342, 0.9945218953682733, 0.0, -31.517299651889125], [0.0, -0.0, 1.0, 311.7429]]}, {"imagefile": "79.png", "M3x4": [[0.9945218953682733, -0.10452846326765342, -0.0, 1.786417163300096], [0.10452846326765342, 0.9945218953682733, 0.0, -32.5076921412367], [0.0, -0.0, 1.0, 311.78539907275655]]}, {"imagefile": "80.png", "M3x4": [[0.9945218953682733, -0.10452846326765342, -0.0, 1.8862200480649276], [0.10452846326765342, 0.9945218953682733, 0.0, -33.83893626951622], [0.0, -0.0, 1.0, 311.66128415080385]]}, {"imagefile": "81.png", "M3x4": [[0.9945218953682733, -0.10452846326765342, -0.0, 1.9421380912724786], [0.10452846326765342, 0.9945218953682733, 0.0, -34.845879278600506], [0.0, -0.0, 1.0, 311.5948556528028]]}, {"imagefile": "82.png", "M3x4": [[0.9945218953682733, -0.10452846326765342, -0.0, 1.978116233191951], [0.10452846326765342, 0.9945218953682733, 0.0, -35.921967696629785], [0.0, -0.0, 1.0, 311.54290000000003]]}, {"imagefile": "83.png", "M3x4": [[0.9945218953682733, -0.10452846326765342, -0.0, 2.011857126470071], [0.10452846326765342, 0.9945218953682733, 0.0, -36.949685962429804], [0.0, -0.0, 1.0, 311.4929]]}, {"imagefile": "84.png", "M3x4": [[0.9945218953682733, -0.10452846326765342, -0.0, 2.0692376770877505], [0.10452846326765342, 0.9945218953682733, 0.0, -37.901760710379776], [0.0, -0.0, 1.0, 311.3414215233212]]}, {"imagefile": "85.png", "M3x4": [[0.9945218953682733, -0.10452846326765342, -0.0, 2.159057863125644], [0.10452846326765342, 0.9945218953682733, 0.0, -38.897932838158034], [0.0, -0.0, 1.0, 311.1929]]}, {"imagefile": "86.png", "M3x4": [[0.9945218953682733, -0.10452846326765342, -0.0, 2.1986984145026987], [0.10452846326765342, 0.9945218953682733, 0.0, -39.91036502411047], [0.0, -0.0, 1.0, 311.1929]]}, {"imagefile": "87.png", "M3x4": [[0.9945218953682733, -0.10452846326765342, -0.0, 2.1535151798091205], [0.10452846326765342, 0.9945218953682733, 0.0, -40.92503283967688], [0.0, -0.0, 1.0, 311.1815070768119]]}, {"imagefile": "88.png", "M3x4": [[0.9945218953682733, -0.10452846326765342, -0.0, 2.103278983165819], [0.10452846326765342, 0.9945218953682733, 0.0, -41.92459732752803], [0.0, -0.0, 1.0, 311.1929]]}, {"imagefile": "89.png", "M3x4": [[0.9945218953682733, -0.10452846326765342, -0.0, 2.0354884415569736], [0.10452846326765342, 0.9945218953682733, 0.0, -42.92409730381073], [0.0, -0.0, 1.0, 310.9929]]}, {"imagefile": "90.png", "M3x4": [[0.9945218953682733, -0.10452846326765342, -0.0, 2.271404867357034], [0.10452846326765342, 0.9945218953682733, 0.0, -43.71605134404764], [0.0, -0.0, 1.0, 310.8929]]}]}