{"images": [{"imagefile": "1.png", "M3x4": [[0.9945218953682733, -0.10452846326765342, -0.0, -7.286412280476934], [0.10452846326765342, 0.9945218953682733, 0.0, 43.99060890285445], [0.0, -0.0, 1.0, 311.4929]]}, {"imagefile": "2.png", "M3x4": [[0.9945218953682733, -0.10452846326765342, -0.0, -7.109950098618398], [0.10452846326765342, 0.9945218953682733, 0.0, 42.89269063934966], [0.0, -0.0, 1.0, 311.34290000000004]]}, {"imagefile": "3.png", "M3x4": [[0.9945218953682733, -0.10452846326765342, -0.0, -7.045055697896136], [0.10452846326765342, 0.9945218953682733, 0.0, 41.90956822149905], [0.0, -0.0, 1.0, 311.34290000000004]]}, {"imagefile": "4.png", "M3x4": [[0.9945218953682733, -0.10452846326765342, -0.0, -6.905023388628874], [0.10452846326765342, 0.9945218953682733, 0.0, 40.905019319673315], [0.0, -0.0, 1.0, 311.34290000000004]]}, {"imagefile": "5.png", "M3x4": [[0.9945218953682733, -0.10452846326765342, -0.0, -6.741014740101001], [0.10452846326765342, 0.9945218953682733, 0.0, 39.927766353741134], [0.0, -0.0, 1.0, 311.4731728604076]]}, {"imagefile": "6.png", "M3x4": [[0.9945218953682733, -0.10452846326765342, -0.0, -6.549913289226078], [0.10452846326765342, 0.9945218953682733, 0.0, 38.95198399623704], [0.0, -0.0, 1.0, 311.6429]]}, {"imagefile": "7.png", "M3x4": [[0.9945218953682733, -0.10452846326765342, -0.0, -6.405844200598947], [0.10452846326765342, 0.9945218953682733, 0.0, 38.172255141645934], [0.0, -0.0, 1.0, 311.6429]]}, {"imagefile": "8.png", "M3x4": [[0.9945218953682733, -0.10452846326765342, -0.0, -6.220595847929652], [0.10452846326765342, 0.9945218953682733, 0.0, 37.19369674194107], [0.0, -0.0, 1.0, 311.6429]]}, {"imagefile": "9.png", "M3x4": [[0.9945218953682733, -0.10452846326765342, -0.0, -6.052369717404276], [0.10452846326765342, 0.9945218953682733, 0.0, 36.17499253761434], [0.0, -0.0, 1.0, 311.6429]]}, {"imagefile": "10.png", "M3x4": [[0.9945218953682733, -0.10452846326765342, -0.0, -5.911111264707183], [0.10452846326765342, 0.9945218953682733, 0.0, 35.234051863271596], [0.0, -0.0, 1.0, 311.6762659653363]]}, {"imagefile": "11.png", "M3x4": [[0.9945218953682733, -0.10452846326765342, -0.0, -5.785255318567281], [0.10452846326765342, 0.9945218953682733, 0.0, 34.26043015607423], [0.0, -0.0, 1.0, 311.6929]]}, {"imagefile": "12.png", "M3x4": [[0.9945218953682733, -0.10452846326765342, -0.0, -5.651791889522504], [0.10452846326765342, 0.9945218953682733, 0.0, 33.28343848751096], [0.0, -0.0, 1.0, 311.79290000000003]]}, {"imagefile": "13.png", "M3x4": [[0.9945218953682733, -0.10452846326765342, -0.0, -5.555280570589761], [0.10452846326765342, 0.9945218953682733, 0.0, 32.602222508843205], [0.0, -0.0, 1.0, 311.79290000000003]]}, {"imagefile": "14.png", "M3x4": [[0.9945218953682733, -0.10452846326765342, -0.0, -5.421879803660739], [0.10452846326765342, 0.9945218953682733, 0.0, 31.66240892370498], [0.0, -0.0, 1.0, 311.7176569358882]]}, {"imagefile": "15.png", "M3x4": [[0.9945218953682733, -0.10452846326765342, -0.0, -5.251327556866599], [0.10452846326765342, 0.9945218953682733, 0.0, 30.547312635793375], [0.0, -0.0, 1.0, 311.78651952702876]]}, {"imagefile": "16.png", "M3x4": [[0.9945218953682733, -0.10452846326765342, -0.0, -5.109836857230117], [0.10452846326765342, 0.9945218953682733, 0.0, 29.612652961907944], [0.0, -0.0, 1.0, 311.84290000000004]]}, {"imagefile": "17.png", "M3x4": [[0.9945218953682733, -0.10452846326765342, -0.0, -4.970040857750856], [0.10452846326765342, 0.9945218953682733, 0.0, 28.63529588680829], [0.0, -0.0, 1.0, 311.86489577564964]]}, {"imagefile": "18.png", "M3x4": [[0.9945218953682733, -0.10452846326765342, -0.0, -4.815657463671204], [0.10452846326765342, 0.9945218953682733, 0.0, 27.633549444488963], [0.0, -0.0, 1.0, 311.96705457567714]]}, {"imagefile": "19.png", "M3x4": [[0.9945218953682733, -0.10452846326765342, -0.0, -4.6723438380311455], [0.10452846326765342, 0.9945218953682733, 0.0, 26.59177821537116], [0.0, -0.0, 1.0, 311.9890358171564]]}, {"imagefile": "20.png", "M3x4": [[0.9945218953682733, -0.10452846326765342, -0.0, -4.559464372161412], [0.10452846326765342, 0.9945218953682733, 0.0, 25.62185437971827], [0.0, -0.0, 1.0, 311.9429]]}, {"imagefile": "21.png", "M3x4": [[0.9945218953682733, -0.10452846326765342, -0.0, -4.452304811645215], [0.10452846326765342, 0.9945218953682733, 0.0, 24.72694780459375], [0.0, -0.0, 1.0, 311.9429]]}, {"imagefile": "22.png", "M3x4": [[0.9945218953682733, -0.10452846326765342, -0.0, -4.329353285500077], [0.10452846326765342, 0.9945218953682733, 0.0, 23.69782290050509], [0.0, -0.0, 1.0, 312.0562620287819]]}, {"imagefile": "23.png", "M3x4": [[0.9945218953682733, -0.10452846326765342, -0.0, -4.199697535618263], [0.10452846326765342, 0.9945218953682733, 0.0, 22.763120676726746], [0.0, -0.0, 1.0, 312.23556361026664]]}, {"imagefile": "24.png", "M3x4": [[0.9945218953682733, -0.10452846326765342, -0.0, -4.069749911807643], [0.10452846326765342, 0.9945218953682733, 0.0, 21.8184516871551], [0.0, -0.0, 1.0, 312.2429]]}, {"imagefile": "25.png", "M3x4": [[0.9945218953682733, -0.10452846326765342, -0.0, -3.941559236854488], [0.10452846326765342, 0.9945218953682733, 0.0, 20.89342991716135], [0.0, -0.0, 1.0, 312.2429]]}, {"imagefile": "26.png", "M3x4": [[0.9945218953682733, -0.10452846326765342, -0.0, -3.797390125499912], [0.10452846326765342, 0.9945218953682733, 0.0, 19.87851926658618], [0.0, -0.0, 1.0, 312.21449819606244]]}, {"imagefile": "27.png", "M3x4": [[0.9945218953682733, -0.10452846326765342, -0.0, -3.6332822422693956], [0.10452846326765342, 0.9945218953682733, 0.0, 18.66875208020528], [0.0, -0.0, 1.0, 312.1929]]}, {"imagefile": "28.png", "M3x4": [[0.9945218953682733, -0.10452846326765342, -0.0, -3.509718497376711], [0.10452846326765342, 0.9945218953682733, 0.0, 17.76692816563187], [0.0, -0.0, 1.0, 312.1929]]}, {"imagefile": "29.png", "M3x4": [[0.9945218953682733, -0.10452846326765342, -0.0, -3.3904517022829572], [0.10452846326765342, 0.9945218953682733, 0.0, 16.75083083592916], [0.0, -0.0, 1.0, 312.21594259283336]]}, {"imagefile": "30.png", "M3x4": [[0.9945218953682733, -0.10452846326765342, -0.0, -3.24931284954212], [0.10452846326765342, 0.9945218953682733, 0.0, 15.473904299054956], [0.0, -0.0, 1.0, 312.2429]]}, {"imagefile": "31.png", "M3x4": [[0.9945218953682733, -0.10452846326765342, -0.0, -3.1725731711559653], [0.10452846326765342, 0.9945218953682733, 0.0, 14.66177421312209], [0.0, -0.0, 1.0, 312.23864195287615]]}, {"imagefile": "32.png", "M3x4": [[0.9945218953682733, -0.10452846326765342, -0.0, -3.0900184344119332], [0.10452846326765342, 0.9945218953682733, 0.0, 13.700114016955341], [0.0, -0.0, 1.0, 312.1781600621368]]}, {"imagefile": "33.png", "M3x4": [[0.9945218953682733, -0.10452846326765342, -0.0, -2.9885818820193544], [0.10452846326765342, 0.9945218953682733, 0.0, 12.517267530488992], [0.0, -0.0, 1.0, 312.1429]]}, {"imagefile": "34.png", "M3x4": [[0.9945218953682733, -0.10452846326765342, -0.0, -2.8944945797194137], [0.10452846326765342, 0.9945218953682733, 0.0, 11.514340611713429], [0.0, -0.0, 1.0, 312.1429]]}, {"imagefile": "35.png", "M3x4": [[0.9945218953682733, -0.10452846326765342, -0.0, -2.819252760184755], [0.10452846326765342, 0.9945218953682733, 0.0, 10.793808292322492], [0.0, -0.0, 1.0, 312.1429]]}, {"imagefile": "36.png", "M3x4": [[0.9945218953682733, -0.10452846326765342, -0.0, -2.698649272195129], [0.10452846326765342, 0.9945218953682733, 0.0, 9.797673537072308], [0.0, -0.0, 1.0, 312.1429]]}, {"imagefile": "37.png", "M3x4": [[0.9945218953682733, -0.10452846326765342, -0.0, -2.5404781202930398], [0.10452846326765342, 0.9945218953682733, 0.0, 8.734628637943512], [0.0, -0.0, 1.0, 312.1065986639218]]}, {"imagefile": "38.png", "M3x4": [[0.9945218953682733, -0.10452846326765342, -0.0, -2.3688937554059035], [0.10452846326765342, 0.9945218953682733, 0.0, 7.679324779863809], [0.0, -0.0, 1.0, 312.04290000000003]]}, {"imagefile": "39.png", "M3x4": [[0.9945218953682733, -0.10452846326765342, -0.0, -2.1977881419959946], [0.10452846326765342, 0.9945218953682733, 0.0, 6.664733256348405], [0.0, -0.0, 1.0, 310.9146300604604]]}, {"imagefile": "40.png", "M3x4": [[0.9945218953682733, -0.10452846326765342, -0.0, -2.023576914708759], [0.10452846326765342, 0.9945218953682733, 0.0, 5.585109926685596], [0.0, -0.0, 1.0, 312.04290000000003]]}, {"imagefile": "41.png", "M3x4": [[0.9945218953682733, -0.10452846326765342, -0.0, -1.8470220063267042], [0.10452846326765342, 0.9945218953682733, 0.0, 4.414307881949558], [0.0, -0.0, 1.0, 312.0736631295033]]}, {"imagefile": "42.png", "M3x4": [[0.9945218953682733, -0.10452846326765342, -0.0, -1.7188788058181725], [0.10452846326765342, 0.9945218953682733, 0.0, 3.428268210373708], [0.0, -0.0, 1.0, 311.9973027883069]]}, {"imagefile": "43.png", "M3x4": [[0.9945218953682733, -0.10452846326765342, -0.0, -1.6504073822553909], [0.10452846326765342, 0.9945218953682733, 0.0, 2.4698078351959025], [0.0, -0.0, 1.0, 311.9429]]}, {"imagefile": "44.png", "M3x4": [[0.9945218953682733, -0.10452846326765342, -0.0, -1.593326373255319], [0.10452846326765342, 0.9945218953682733, 0.0, 1.5005907392362652], [0.0, -0.0, 1.0, 311.9429]]}, {"imagefile": "45.png", "M3x4": [[0.9945218953682733, -0.10452846326765342, -0.0, -1.5461709608592744], [0.10452846326765342, 0.9945218953682733, 0.0, 0.4049068899910838], [0.0, -0.0, 1.0, 311.945257250513]]}, {"imagefile": "46.png", "M3x4": [[0.9945218953682733, -0.10452846326765342, -0.0, -1.4873219480268822], [0.10452846326765342, 0.9945218953682733, 0.0, -0.7438172354114087], [0.0, -0.0, 1.0, 312.0794715164754]]}, {"imagefile": "47.png", "M3x4": [[0.9945218953682733, -0.10452846326765342, -0.0, -1.4425560892768685], [0.10452846326765342, 0.9945218953682733, 0.0, -1.7068534255032128], [0.0, -0.0, 1.0, 312.04834307230675]]}, {"imagefile": "48.png", "M3x4": [[0.9945218953682733, -0.10452846326765342, -0.0, -1.4025387359493777], [0.10452846326765342, 0.9945218953682733, 0.0, -2.3680518576043403], [0.0, -0.0, 1.0, 312.13937216839884]]}, {"imagefile": "49.png", "M3x4": [[0.9945218953682733, -0.10452846326765342, -0.0, -1.3190595422320792], [0.10452846326765342, 0.9945218953682733, 0.0, -3.4121821944270887], [0.0, -0.0, 1.0, 312.1929]]}, {"imagefile": "50.png", "M3x4": [[0.9945218953682733, -0.10452846326765342, -0.0, -1.2378176016172941], [0.10452846326765342, 0.9945218953682733, 0.0, -4.191544439453576], [0.0, -0.0, 1.0, 311.9930036919995]]}, {"imagefile": "51.png", "M3x4": [[0.9945218953682733, -0.10452846326765342, -0.0, -1.1318025633468014], [0.10452846326765342, 0.9945218953682733, 0.0, -5.098710694950444], [0.0, -0.0, 1.0, 312.1341745545767]]}, {"imagefile": "52.png", "M3x4": [[0.9945218953682733, -0.10452846326765342, -0.0, -1.0114523851622206], [0.10452846326765342, 0.9945218953682733, 0.0, -6.00241325954184], [0.0, -0.0, 1.0, 312.09290000000004]]}, {"imagefile": "53.png", "M3x4": [[0.9945218953682733, -0.10452846326765342, -0.0, -0.8184249734701587], [0.10452846326765342, 0.9945218953682733, 0.0, -7.289742749065436], [0.0, -0.0, 1.0, 311.946588674225]]}, {"imagefile": "54.png", "M3x4": [[0.9945218953682733, -0.10452846326765342, -0.0, -0.6525909965887922], [0.10452846326765342, 0.9945218953682733, 0.0, -8.367458070646105], [0.0, -0.0, 1.0, 311.8929]]}, {"imagefile": "55.png", "M3x4": [[0.9945218953682733, -0.10452846326765342, -0.0, -0.4904609613428145], [0.10452846326765342, 0.9945218953682733, 0.0, -9.434446935680725], [0.0, -0.0, 1.0, 311.8929]]}, {"imagefile": "56.png", "M3x4": [[0.9945218953682733, -0.10452846326765342, -0.0, -0.3603038600567889], [0.10452846326765342, 0.9945218953682733, 0.0, -10.34831934272863], [0.0, -0.0, 1.0, 311.8929]]}, {"imagefile": "57.png", "M3x4": [[0.9945218953682733, -0.10452846326765342, -0.0, -0.2443965578925662], [0.10452846326765342, 0.9945218953682733, 0.0, -11.330007137042426], [0.0, -0.0, 1.0, 311.89729565810893]]}, {"imagefile": "58.png", "M3x4": [[0.9945218953682733, -0.10452846326765342, -0.0, -0.13384612627395434], [0.10452846326765342, 0.9945218953682733, 0.0, -12.279216129690157], [0.0, -0.0, 1.0, 310.9146300604604]]}, {"imagefile": "59.png", "M3x4": [[0.9945218953682733, -0.10452846326765342, -0.0, -0.052185472796063094], [0.10452846326765342, 0.9945218953682733, 0.0, -13.175307781025923], [0.0, -0.0, 1.0, 310.9146300604604]]}, {"imagefile": "60.png", "M3x4": [[0.9945218953682733, -0.10452846326765342, -0.0, 0.033578721989908335], [0.10452846326765342, 0.9945218953682733, 0.0, -14.185069975799841], [0.0, -0.0, 1.0, 310.9146300604604]]}, {"imagefile": "61.png", "M3x4": [[0.9945218953682733, -0.10452846326765342, -0.0, 0.11573562757803471], [0.10452846326765342, 0.9945218953682733, 0.0, -15.146767413008147], [0.0, -0.0, 1.0, 312.0435533277583]]}, {"imagefile": "62.png", "M3x4": [[0.9945218953682733, -0.10452846326765342, -0.0, 0.19383014662571516], [0.10452846326765342, 0.9945218953682733, 0.0, -16.152343030108938], [0.0, -0.0, 1.0, 310.9146300604604]]}, {"imagefile": "63.png", "M3x4": [[0.9945218953682733, -0.10452846326765342, -0.0, 0.2545837871572797], [0.10452846326765342, 0.9945218953682733, 0.0, -16.869410577760032], [0.0, -0.0, 1.0, 310.9146300604604]]}, {"imagefile": "64.png", "M3x4": [[0.9945218953682733, -0.10452846326765342, -0.0, 0.3629207606695395], [0.10452846326765342, 0.9945218953682733, 0.0, -18.075645261245153], [0.0, -0.0, 1.0, 311.95333676275567]]}, {"imagefile": "65.png", "M3x4": [[0.9945218953682733, -0.10452846326765342, -0.0, 0.45151908901300647], [0.10452846326765342, 0.9945218953682733, 0.0, -19.010834000870258], [0.0, -0.0, 1.0, 311.9429]]}, {"imagefile": "66.png", "M3x4": [[0.9945218953682733, -0.10452846326765342, -0.0, 0.5438678499868131], [0.10452846326765342, 0.9945218953682733, 0.0, -20.066419689423412], [0.0, -0.0, 1.0, 311.95550351398197]]}, {"imagefile": "67.png", "M3x4": [[0.9945218953682733, -0.10452846326765342, -0.0, 0.6288110505793647], [0.10452846326765342, 0.9945218953682733, 0.0, -20.9253445342337], [0.0, -0.0, 1.0, 311.90506475234525]]}, {"imagefile": "68.png", "M3x4": [[0.9945218953682733, -0.10452846326765342, -0.0, 0.7335936510035708], [0.10452846326765342, 0.9945218953682733, 0.0, -21.930101124255135], [0.0, -0.0, 1.0, 311.93775460330335]]}, {"imagefile": "69.png", "M3x4": [[0.9945218953682733, -0.10452846326765342, -0.0, 0.8299694873019303], [0.10452846326765342, 0.9945218953682733, 0.0, -22.925139030260496], [0.0, -0.0, 1.0, 311.79290000000003]]}, {"imagefile": "70.png", "M3x4": [[0.9945218953682733, -0.10452846326765342, -0.0, 0.9272876835555409], [0.10452846326765342, 0.9945218953682733, 0.0, -23.857996005655707], [0.0, -0.0, 1.0, 311.7784114461471]]}, {"imagefile": "71.png", "M3x4": [[0.9945218953682733, -0.10452846326765342, -0.0, 1.0308773984606963], [0.10452846326765342, 0.9945218953682733, 0.0, -24.953284078896345], [0.0, -0.0, 1.0, 311.70722000854994]]}, {"imagefile": "72.png", "M3x4": [[0.9945218953682733, -0.10452846326765342, -0.0, 1.1059553626617047], [0.10452846326765342, 0.9945218953682733, 0.0, -25.74143486250626], [0.0, -0.0, 1.0, 311.71157365096093]]}, {"imagefile": "73.png", "M3x4": [[0.9945218953682733, -0.10452846326765342, -0.0, 1.1986100724717865], [0.10452846326765342, 0.9945218953682733, 0.0, -26.675184955915217], [0.0, -0.0, 1.0, 311.7423792343951]]}, {"imagefile": "74.png", "M3x4": [[0.9945218953682733, -0.10452846326765342, -0.0, 1.3031665583995051], [0.10452846326765342, 0.9945218953682733, 0.0, -27.71304426208263], [0.0, -0.0, 1.0, 311.7022731239534]]}, {"imagefile": "75.png", "M3x4": [[0.9945218953682733, -0.10452846326765342, -0.0, 1.4106456556519456], [0.10452846326765342, 0.9945218953682733, 0.0, -28.733594988317368], [0.0, -0.0, 1.0, 311.77287860452344]]}, {"imagefile": "76.png", "M3x4": [[0.9945218953682733, -0.10452846326765342, -0.0, 1.4936719952457789], [0.10452846326765342, 0.9945218953682733, 0.0, -29.53059627918926], [0.0, -0.0, 1.0, 311.79290000000003]]}, {"imagefile": "77.png", "M3x4": [[0.9945218953682733, -0.10452846326765342, -0.0, 1.5933196283566287], [0.10452846326765342, 0.9945218953682733, 0.0, -30.507587945299573], [0.0, -0.0, 1.0, 311.7618508224734]]}, {"imagefile": "78.png", "M3x4": [[0.9945218953682733, -0.10452846326765342, -0.0, 1.6880832088585154], [0.10452846326765342, 0.9945218953682733, 0.0, -31.517299651889125], [0.0, -0.0, 1.0, 311.7429]]}, {"imagefile": "79.png", "M3x4": [[0.9945218953682733, -0.10452846326765342, -0.0, 1.786417163300096], [0.10452846326765342, 0.9945218953682733, 0.0, -32.5076921412367], [0.0, -0.0, 1.0, 311.78539907275655]]}, {"imagefile": "80.png", "M3x4": [[0.9945218953682733, -0.10452846326765342, -0.0, 1.8862200480649276], [0.10452846326765342, 0.9945218953682733, 0.0, -33.83893626951622], [0.0, -0.0, 1.0, 311.66128415080385]]}, {"imagefile": "81.png", "M3x4": [[0.9945218953682733, -0.10452846326765342, -0.0, 1.9421380912724786], [0.10452846326765342, 0.9945218953682733, 0.0, -34.845879278600506], [0.0, -0.0, 1.0, 311.5948556528028]]}, {"imagefile": "82.png", "M3x4": [[0.9945218953682733, -0.10452846326765342, -0.0, 1.978116233191951], [0.10452846326765342, 0.9945218953682733, 0.0, -35.921967696629785], [0.0, -0.0, 1.0, 311.54290000000003]]}, {"imagefile": "83.png", "M3x4": [[0.9945218953682733, -0.10452846326765342, -0.0, 2.011857126470071], [0.10452846326765342, 0.9945218953682733, 0.0, -36.949685962429804], [0.0, -0.0, 1.0, 311.4929]]}, {"imagefile": "84.png", "M3x4": [[0.9945218953682733, -0.10452846326765342, -0.0, 2.0692376770877505], [0.10452846326765342, 0.9945218953682733, 0.0, -37.901760710379776], [0.0, -0.0, 1.0, 311.3414215233212]]}, {"imagefile": "85.png", "M3x4": [[0.9945218953682733, -0.10452846326765342, -0.0, 2.159057863125644], [0.10452846326765342, 0.9945218953682733, 0.0, -38.897932838158034], [0.0, -0.0, 1.0, 311.1929]]}, {"imagefile": "86.png", "M3x4": [[0.9945218953682733, -0.10452846326765342, -0.0, 2.1986984145026987], [0.10452846326765342, 0.9945218953682733, 0.0, -39.91036502411047], [0.0, -0.0, 1.0, 311.1929]]}, {"imagefile": "87.png", "M3x4": [[0.9945218953682733, -0.10452846326765342, -0.0, 2.1535151798091205], [0.10452846326765342, 0.9945218953682733, 0.0, -40.92503283967688], [0.0, -0.0, 1.0, 311.1815070768119]]}, {"imagefile": "88.png", "M3x4": [[0.9945218953682733, -0.10452846326765342, -0.0, 2.103278983165819], [0.10452846326765342, 0.9945218953682733, 0.0, -41.92459732752803], [0.0, -0.0, 1.0, 311.1929]]}, {"imagefile": "89.png", "M3x4": [[0.9945218953682733, -0.10452846326765342, -0.0, 2.0354884415569736], [0.10452846326765342, 0.9945218953682733, 0.0, -42.92409730381073], [0.0, -0.0, 1.0, 310.9929]]}, {"imagefile": "90.png", "M3x4": [[0.9945218953682733, -0.10452846326765342, -0.0, 2.271404867357034], [0.10452846326765342, 0.9945218953682733, 0.0, -43.71605134404764], [0.0, -0.0, 1.0, 310.8929]]}]}