{"images": [{"imagefile": "61.png", "M3x4": [[0.9945218953682733, -0.10452846326765342, -0.0, 0.11573562757803471], [0.10452846326765342, 0.9945218953682733, 0.0, -15.146767413008147], [0.0, -0.0, 1.0, 309.70407213822784]]}, {"imagefile": "62.png", "M3x4": [[0.9945218953682733, -0.10452846326765342, -0.0, 0.19383014662571516], [0.10452846326765342, 0.9945218953682733, 0.0, -16.152343030108938], [0.0, -0.0, 1.0, 309.70407213822784]]}, {"imagefile": "63.png", "M3x4": [[0.9945218953682733, -0.10452846326765342, -0.0, 0.2545837871572797], [0.10452846326765342, 0.9945218953682733, 0.0, -16.869410577760032], [0.0, -0.0, 1.0, 309.70407213822784]]}, {"imagefile": "64.png", "M3x4": [[0.9945218953682733, -0.10452846326765342, -0.0, 0.3629207606695395], [0.10452846326765342, 0.9945218953682733, 0.0, -18.075645261245153], [0.0, -0.0, 1.0, 309.70407213822784]]}, {"imagefile": "65.png", "M3x4": [[0.9945218953682733, -0.10452846326765342, -0.0, 0.45151908901300647], [0.10452846326765342, 0.9945218953682733, 0.0, -19.010834000870258], [0.0, -0.0, 1.0, 309.70407213822784]]}, {"imagefile": "66.png", "M3x4": [[0.9945218953682733, -0.10452846326765342, -0.0, 0.5438678499868131], [0.10452846326765342, 0.9945218953682733, 0.0, -20.066419689423412], [0.0, -0.0, 1.0, 309.70407213822784]]}, {"imagefile": "67.png", "M3x4": [[0.9945218953682733, -0.10452846326765342, -0.0, 0.6288110505793647], [0.10452846326765342, 0.9945218953682733, 0.0, -20.9253445342337], [0.0, -0.0, 1.0, 309.70407213822784]]}, {"imagefile": "68.png", "M3x4": [[0.9945218953682733, -0.10452846326765342, -0.0, 0.7335936510035708], [0.10452846326765342, 0.9945218953682733, 0.0, -21.930101124255135], [0.0, -0.0, 1.0, 309.70407213822784]]}, {"imagefile": "69.png", "M3x4": [[0.9945218953682733, -0.10452846326765342, -0.0, 0.8299694873019303], [0.10452846326765342, 0.9945218953682733, 0.0, -22.925139030260496], [0.0, -0.0, 1.0, 309.70407213822784]]}, {"imagefile": "70.png", "M3x4": [[0.9945218953682733, -0.10452846326765342, -0.0, 0.9272876835555409], [0.10452846326765342, 0.9945218953682733, 0.0, -23.857996005655707], [0.0, -0.0, 1.0, 309.70407213822784]]}, {"imagefile": "71.png", "M3x4": [[0.9945218953682733, -0.10452846326765342, -0.0, 1.0308773984606963], [0.10452846326765342, 0.9945218953682733, 0.0, -24.953284078896345], [0.0, -0.0, 1.0, 309.70407213822784]]}, {"imagefile": "72.png", "M3x4": [[0.9945218953682733, -0.10452846326765342, -0.0, 1.1059553626617047], [0.10452846326765342, 0.9945218953682733, 0.0, -25.74143486250626], [0.0, -0.0, 1.0, 309.70407213822784]]}, {"imagefile": "43.png", "M3x4": [[0.9945218953682733, -0.10452846326765342, -0.0, -1.6504073822553909], [0.10452846326765342, 0.9945218953682733, 0.0, 2.4698078351959025], [0.0, -0.0, 1.0, 309.70407213822784]]}, {"imagefile": "44.png", "M3x4": [[0.9945218953682733, -0.10452846326765342, -0.0, -1.593326373255319], [0.10452846326765342, 0.9945218953682733, 0.0, 1.5005907392362652], [0.0, -0.0, 1.0, 309.70407213822784]]}, {"imagefile": "45.png", "M3x4": [[0.9945218953682733, -0.10452846326765342, -0.0, -1.5461709608592744], [0.10452846326765342, 0.9945218953682733, 0.0, 0.4049068899910838], [0.0, -0.0, 1.0, 309.70407213822784]]}, {"imagefile": "46.png", "M3x4": [[0.9945218953682733, -0.10452846326765342, -0.0, -1.4873219480268822], [0.10452846326765342, 0.9945218953682733, 0.0, -0.7438172354114087], [0.0, -0.0, 1.0, 309.70407213822784]]}, {"imagefile": "47.png", "M3x4": [[0.9945218953682733, -0.10452846326765342, -0.0, -1.4425560892768685], [0.10452846326765342, 0.9945218953682733, 0.0, -1.7068534255032128], [0.0, -0.0, 1.0, 309.70407213822784]]}, {"imagefile": "48.png", "M3x4": [[0.9945218953682733, -0.10452846326765342, -0.0, -1.4025387359493777], [0.10452846326765342, 0.9945218953682733, 0.0, -2.3680518576043403], [0.0, -0.0, 1.0, 309.70407213822784]]}, {"imagefile": "49.png", "M3x4": [[0.9945218953682733, -0.10452846326765342, -0.0, -1.3190595422320792], [0.10452846326765342, 0.9945218953682733, 0.0, -3.4121821944270887], [0.0, -0.0, 1.0, 309.70407213822784]]}, {"imagefile": "50.png", "M3x4": [[0.9945218953682733, -0.10452846326765342, -0.0, -1.2378176016172941], [0.10452846326765342, 0.9945218953682733, 0.0, -4.191544439453576], [0.0, -0.0, 1.0, 309.70407213822784]]}, {"imagefile": "51.png", "M3x4": [[0.9945218953682733, -0.10452846326765342, -0.0, -1.1318025633468014], [0.10452846326765342, 0.9945218953682733, 0.0, -5.098710694950444], [0.0, -0.0, 1.0, 309.70407213822784]]}, {"imagefile": "52.png", "M3x4": [[0.9945218953682733, -0.10452846326765342, -0.0, -1.0114523851622206], [0.10452846326765342, 0.9945218953682733, 0.0, -6.00241325954184], [0.0, -0.0, 1.0, 309.70407213822784]]}, {"imagefile": "53.png", "M3x4": [[0.9945218953682733, -0.10452846326765342, -0.0, -0.8184249734701587], [0.10452846326765342, 0.9945218953682733, 0.0, -7.289742749065436], [0.0, -0.0, 1.0, 309.70407213822784]]}, {"imagefile": "54.png", "M3x4": [[0.9945218953682733, -0.10452846326765342, -0.0, -0.6525909965887922], [0.10452846326765342, 0.9945218953682733, 0.0, -8.367458070646105], [0.0, -0.0, 1.0, 309.70407213822784]]}, {"imagefile": "55.png", "M3x4": [[0.9945218953682733, -0.10452846326765342, -0.0, -0.4904609613428145], [0.10452846326765342, 0.9945218953682733, 0.0, -9.434446935680725], [0.0, -0.0, 1.0, 309.70407213822784]]}, {"imagefile": "56.png", "M3x4": [[0.9945218953682733, -0.10452846326765342, -0.0, -0.3603038600567889], [0.10452846326765342, 0.9945218953682733, 0.0, -10.34831934272863], [0.0, -0.0, 1.0, 309.70407213822784]]}, {"imagefile": "57.png", "M3x4": [[0.9945218953682733, -0.10452846326765342, -0.0, -0.2443965578925662], [0.10452846326765342, 0.9945218953682733, 0.0, -11.330007137042426], [0.0, -0.0, 1.0, 309.70407213822784]]}, {"imagefile": "58.png", "M3x4": [[0.9945218953682733, -0.10452846326765342, -0.0, -0.13384612627395434], [0.10452846326765342, 0.9945218953682733, 0.0, -12.279216129690157], [0.0, -0.0, 1.0, 309.70407213822784]]}, {"imagefile": "59.png", "M3x4": [[0.9945218953682733, -0.10452846326765342, -0.0, -0.052185472796063094], [0.10452846326765342, 0.9945218953682733, 0.0, -13.175307781025923], [0.0, -0.0, 1.0, 309.70407213822784]]}, {"imagefile": "60.png", "M3x4": [[0.9945218953682733, -0.10452846326765342, -0.0, 0.033578721989908335], [0.10452846326765342, 0.9945218953682733, 0.0, -14.185069975799841], [0.0, -0.0, 1.0, 308.4709109983735]]}]}