{
    "images": [
        {
            "imagefile": "20191004_091652.tiff",
            "M3x4": [
                [
                    "0.559273303",
                    "-0.826043189",
                    "0.0697564408",
                    "4.15129662"
                ],
                [
                    "0.812924504",
                    "0.530011594",
                    "-0.241332605",
                    "-14.9073343"
                ],
                [
                    "0.162379429",
                    "0.19167763",
                    "0.967932045",
                    "55.9572182"
                ]
            ]
        },
        {
            "imagefile": "20191004_091656.tiff",
            "M3x4": [
                [
                    0.543312252,
                    -0.836627603,
                    0.0697564632,
                    3.69248009
                ],
                [
                    0.822949588,
                    0.514307797,
                    -0.24133262,
                    -13.0545139
                ],
                [
                    0.166029245,
                    0.188525036,
                    0.967932105,
                    48.0838966
                ]
            ]
        },
        {
            "imagefile": "20191004_091659.tiff",
            "M3x4": [
                [
                    "0.556386471",
                    "-0.827990353",
                    "0.0697564483",
                    "3.40599895"
                ],
                [
                    "0.814769626",
                    "0.527170718",
                    "-0.241332635",
                    "-11.1949072"
                ],
                [
                    "0.163047537",
                    "0.191109672",
                    "0.967932105",
                    "39.2700157"
                ]
            ]
        },
        {
            "imagefile": "20191004_091701.tiff",
            "M3x4": [
                [
                    "0.576449931",
                    "-0.814149499",
                    "0.0697564483",
                    "3.46559262"
                ],
                [
                    "0.801646531",
                    "0.546919882",
                    "-0.24133262",
                    "-11.309392"
                ],
                [
                    "0.158329651",
                    "0.195036203",
                    "0.967932045",
                    "35.9828148"
                ]
            ]
        },
        {
            "imagefile": "20191004_091703.tiff",
            "M3x4": [
                [
                    "0.601738513",
                    "-0.795641124",
                    "0.0697564781",
                    "2.82270861"
                ],
                [
                    "0.784071803",
                    "0.571830392",
                    "-0.241332635",
                    "-9.671731"
                ],
                [
                    "0.152125284",
                    "0.199913234",
                    "0.967932105",
                    "32.3049393"
                ]
            ]
        },
        {
            "imagefile": "20191004_091704.tiff",
            "M3x4": [
                [
                    "0.560714066",
                    "-0.825065851",
                    "0.0697564557",
                    "2.62255359"
                ],
                [
                    "0.811998367",
                    "0.531429529",
                    "-0.241332605",
                    "-8.86057281"
                ],
                [
                    "0.162044659",
                    "0.191960722",
                    "0.967932045",
                    "30.5070057"
                ]
            ]
        },
        {
            "imagefile": "20191004_091712.tiff",
            "M3x4": [
                [
                    "0.559273303",
                    "-0.826043189",
                    "0.0697564408",
                    "1.85134518"
                ],
                [
                    "0.812924504",
                    "0.530011594",
                    "-0.241332605",
                    "-7.47330999"
                ],
                [
                    "0.162379429",
                    "0.19167763",
                    "0.967932045",
                    "25.0712852"
                ]
            ]
        },
        {
            "imagefile": "20191004_091724.tiff",
            "M3x4": [
                [
                    "0.572179198",
                    "-0.817156613",
                    "0.0697564632",
                    "2.83753705"
                ],
                [
                    "0.804499269",
                    "0.542715073",
                    "-0.241332605",
                    "-7.02957869"
                ],
                [
                    "0.159348667",
                    "0.194204524",
                    "0.967932045",
                    "25.4724407"
                ]
            ]
        },
        {
            "imagefile": "20191004_091725.tiff",
            "M3x4": [
                [
                    "0.569323301",
                    "-0.819148958",
                    "0.0697564781",
                    "3.50596333"
                ],
                [
                    "0.806388736",
                    "0.539903522",
                    "-0.241332605",
                    "-6.27497196"
                ],
                [
                    "0.160025597",
                    "0.193647116",
                    "0.967932105",
                    "25.6124153"
                ]
            ]
        },
        {
            "imagefile": "20191004_091727.tiff",
            "M3x4": [
                [
                    "0.557830691",
                    "-0.827018082",
                    "0.0697564855",
                    "4.31018353"
                ],
                [
                    "0.813848317",
                    "0.528591931",
                    "-0.24133262",
                    "-5.52523375"
                ],
                [
                    "0.162713736",
                    "0.191393957",
                    "0.967932105",
                    "25.6897335"
                ]
            ]
        },
        {
            "imagefile": "20191004_091729.tiff",
            "M3x4": [
                [
                    "0.556386471",
                    "-0.827990353",
                    "0.0697564483",
                    "4.82953215"
                ],
                [
                    "0.814769626",
                    "0.527170718",
                    "-0.241332635",
                    "-4.7503252"
                ],
                [
                    "0.163047537",
                    "0.191109672",
                    "0.967932105",
                    "25.6905403"
                ]
            ]
        },
        {
            "imagefile": "20191004_091730.tiff",
            "M3x4": [
                [
                    "0.562153339",
                    "-0.824085951",
                    "0.0697564706",
                    "5.6084795"
                ],
                [
                    "0.811069369",
                    "0.532845974",
                    "-0.241332605",
                    "-4.10213804"
                ],
                [
                    "0.161709353",
                    "0.192243263",
                    "0.967932045",
                    "25.8993263"
                ]
            ]
        },
        {
            "imagefile": "20191004_091732.tiff",
            "M3x4": [
                [
                    "0.563590586",
                    "-0.823103547",
                    "0.0697564781",
                    "6.27206898"
                ],
                [
                    "0.810138226",
                    "0.534260631",
                    "-0.241332605",
                    "-3.19761968"
                ],
                [
                    "0.161373615",
                    "0.192525208",
                    "0.967932105",
                    "26.1286812"
                ]
            ]
        },
        {
            "imagefile": "20191004_091733.tiff",
            "M3x4": [
                [
                    "0.559273303",
                    "-0.826043189",
                    "0.0697564408",
                    "6.89351749"
                ],
                [
                    "0.812924504",
                    "0.530011594",
                    "-0.241332605",
                    "-2.40488052"
                ],
                [
                    "0.162379429",
                    "0.19167763",
                    "0.967932045",
                    "26.2815475"
                ]
            ]
        },
        {
            "imagefile": "20191004_091735.tiff",
            "M3x4": [
                [
                    "0.559273303",
                    "-0.826043189",
                    "0.0697564408",
                    "7.51834869"
                ],
                [
                    "0.812924504",
                    "0.530011594",
                    "-0.241332605",
                    "-1.80807352"
                ],
                [
                    "0.162379429",
                    "0.19167763",
                    "0.967932045",
                    "26.4369736"
                ]
            ]
        },
        {
            "imagefile": "20191004_091736.tiff",
            "M3x4": [
                [
                    "0.559273303",
                    "-0.826043189",
                    "0.0697564408",
                    "8.22392654"
                ],
                [
                    "0.812924504",
                    "0.530011594",
                    "-0.241332605",
                    "-1.08341789"
                ],
                [
                    "0.162379429",
                    "0.19167763",
                    "0.967932045",
                    "26.3601761"
                ]
            ]
        },
        {
            "imagefile": "20191004_091738.tiff",
            "M3x4": [
                [
                    "0.557830691",
                    "-0.827018082",
                    "0.0697564855",
                    "8.94448757"
                ],
                [
                    "0.813848317",
                    "0.528591931",
                    "-0.24133262",
                    "-0.221612573"
                ],
                [
                    "0.162713736",
                    "0.191393957",
                    "0.967932105",
                    "26.5231209"
                ]
            ]
        },
        {
            "imagefile": "20191004_091739.tiff",
            "M3x4": [
                [
                    "0.562153339",
                    "-0.824085951",
                    "0.0697564706",
                    "9.6229372"
                ],
                [
                    "0.811069369",
                    "0.532845974",
                    "-0.241332605",
                    "0.499195129"
                ],
                [
                    "0.161709353",
                    "0.192243263",
                    "0.967932045",
                    "26.653944"
                ]
            ]
        },
        {
            "imagefile": "20191004_091741.tiff",
            "M3x4": [
                [
                    "0.560714066",
                    "-0.825065851",
                    "0.0697564557",
                    "10.3112268"
                ],
                [
                    "0.811998367",
                    "0.531429529",
                    "-0.241332605",
                    "1.22239447"
                ],
                [
                    "0.162044659",
                    "0.191960722",
                    "0.967932045",
                    "26.9396229"
                ]
            ]
        },
        {
            "imagefile": "20191004_091742.tiff",
            "M3x4": [
                [
                    "0.557830691",
                    "-0.827018082",
                    "0.0697564855",
                    "11.0628395"
                ],
                [
                    "0.813848317",
                    "0.528591931",
                    "-0.24133262",
                    "1.91764069"
                ],
                [
                    "0.162713736",
                    "0.191393957",
                    "0.967932105",
                    "27.0071468"
                ]
            ]
        },
        {
            "imagefile": "20191004_091744.tiff",
            "M3x4": [
                [
                    "0.557830691",
                    "-0.827018082",
                    "0.0697564855",
                    "11.7849083"
                ],
                [
                    "0.813848317",
                    "0.528591931",
                    "-0.24133262",
                    "2.51798034"
                ],
                [
                    "0.162713736",
                    "0.191393957",
                    "0.967932105",
                    "27.0014782"
                ]
            ]
        },
        {
            "imagefile": "20191004_091745.tiff",
            "M3x4": [
                [
                    "0.562153339",
                    "-0.824085951",
                    "0.0697564706",
                    "12.6577253"
                ],
                [
                    "0.811069369",
                    "0.532845974",
                    "-0.241332605",
                    "3.14882445"
                ],
                [
                    "0.161709353",
                    "0.192243263",
                    "0.967932045",
                    "27.3024864"
                ]
            ]
        },
        {
            "imagefile": "20191004_091747.tiff",
            "M3x4": [
                [
                    "0.570752144",
                    "-0.818153977",
                    "0.0697564706",
                    "13.5699844"
                ],
                [
                    "0.805445194",
                    "0.541310072",
                    "-0.24133262",
                    "3.73653173"
                ],
                [
                    "0.1596874",
                    "0.193926141",
                    "0.967932105",
                    "27.5382442"
                ]
            ]
        },
        {
            "imagefile": "20191004_091748.tiff",
            "M3x4": [
                [
                    "0.559273303",
                    "-0.826043189",
                    "0.0697564408",
                    "14.1357975"
                ],
                [
                    "0.812924504",
                    "0.530011594",
                    "-0.241332605",
                    "4.45496273"
                ],
                [
                    "0.162379429",
                    "0.19167763",
                    "0.967932045",
                    "27.6249371"
                ]
            ]
        },
        {
            "imagefile": "20191004_091750.tiff",
            "M3x4": [
                [
                    "0.560714066",
                    "-0.825065851",
                    "0.0697564557",
                    "14.9809647"
                ],
                [
                    "0.811998367",
                    "0.531429529",
                    "-0.241332605",
                    "4.93223095"
                ],
                [
                    "0.162044659",
                    "0.191960722",
                    "0.967932045",
                    "27.6313648"
                ]
            ]
        },
        {
            "imagefile": "20191004_091801.tiff",
            "M3x4": [
                [
                    "0.547685385",
                    "-0.833771348",
                    "0.0697564855",
                    "15.0560455"
                ],
                [
                    "0.820245326",
                    "0.518609703",
                    "-0.241332591",
                    "5.25090075"
                ],
                [
                    "0.165039837",
                    "0.189391777",
                    "0.967932105",
                    "27.4987831"
                ]
            ]
        },
        {
            "imagefile": "20191004_091802.tiff",
            "M3x4": [
                [
                    "0.560714066",
                    "-0.825065851",
                    "0.0697564557",
                    "15.0050125"
                ],
                [
                    "0.811998367",
                    "0.531429529",
                    "-0.241332605",
                    "4.01245594"
                ],
                [
                    "0.162044659",
                    "0.191960722",
                    "0.967932045",
                    "27.3486519"
                ]
            ]
        },
        {
            "imagefile": "20191004_091803.tiff",
            "M3x4": [
                [
                    "0.559273303",
                    "-0.826043189",
                    "0.0697564408",
                    "14.7013063"
                ],
                [
                    "0.812924504",
                    "0.530011594",
                    "-0.241332605",
                    "3.15025258"
                ],
                [
                    "0.162379429",
                    "0.19167763",
                    "0.967932045",
                    "27.3105373"
                ]
            ]
        },
        {
            "imagefile": "20191004_091805.tiff",
            "M3x4": [
                [
                    "0.560714066",
                    "-0.825065851",
                    "0.0697564557",
                    "14.4744177"
                ],
                [
                    "0.811998367",
                    "0.531429529",
                    "-0.241332605",
                    "2.10313416"
                ],
                [
                    "0.162044659",
                    "0.191960722",
                    "0.967932045",
                    "26.9624977"
                ]
            ]
        },
        {
            "imagefile": "20191004_091806.tiff",
            "M3x4": [
                [
                    "0.573604524",
                    "-0.816156745",
                    "0.0697564632",
                    "14.4365959"
                ],
                [
                    "0.80355072",
                    "0.544118285",
                    "-0.241332605",
                    "0.930903256"
                ],
                [
                    "0.159009472",
                    "0.194482341",
                    "0.967932105",
                    "26.7762699"
                ]
            ]
        },
        {
            "imagefile": "20191004_091807.tiff",
            "M3x4": [
                [
                    "0.572179198",
                    "-0.817156613",
                    "0.0697564632",
                    "14.2922182"
                ],
                [
                    "0.804499269",
                    "0.542715073",
                    "-0.241332605",
                    "0.168926224"
                ],
                [
                    "0.159348667",
                    "0.194204524",
                    "0.967932045",
                    "26.4933777"
                ]
            ]
        },
        {
            "imagefile": "20191004_091809.tiff",
            "M3x4": [
                [
                    "0.559273303",
                    "-0.826043189",
                    "0.0697564408",
                    "14.1602879"
                ],
                [
                    "0.812924504",
                    "0.530011594",
                    "-0.241332605",
                    "-0.761321068"
                ],
                [
                    "0.162379429",
                    "0.19167763",
                    "0.967932045",
                    "26.167635"
                ]
            ]
        },
        {
            "imagefile": "20191004_091810.tiff",
            "M3x4": [
                [
                    "0.563590586",
                    "-0.823103547",
                    "0.0697564781",
                    "14.1916027"
                ],
                [
                    "0.810138226",
                    "0.534260631",
                    "-0.241332605",
                    "-1.51682365"
                ],
                [
                    "0.161373615",
                    "0.192525208",
                    "0.967932105",
                    "25.9770107"
                ]
            ]
        },
        {
            "imagefile": "20191004_091811.tiff",
            "M3x4": [
                [
                    "0.572179198",
                    "-0.817156613",
                    "0.0697564632",
                    "14.1990442"
                ],
                [
                    "0.804499269",
                    "0.542715073",
                    "-0.241332605",
                    "-2.8435545"
                ],
                [
                    "0.159348667",
                    "0.194204524",
                    "0.967932045",
                    "25.6973381"
                ]
            ]
        },
        {
            "imagefile": "20191004_091813.tiff",
            "M3x4": [
                [
                    "0.572179198",
                    "-0.817156613",
                    "0.0697564632",
                    "14.1511154"
                ],
                [
                    "0.804499269",
                    "0.542715073",
                    "-0.241332605",
                    "-3.81169605"
                ],
                [
                    "0.159348667",
                    "0.194204524",
                    "0.967932045",
                    "25.3560944"
                ]
            ]
        },
        {
            "imagefile": "20191004_091814.tiff",
            "M3x4": [
                [
                    "0.565026641",
                    "-0.82211858",
                    "0.0697564632",
                    "14.1401844"
                ],
                [
                    "0.809204459",
                    "0.535673916",
                    "-0.241332591",
                    "-4.75343895"
                ],
                [
                    "0.161037326",
                    "0.192806602",
                    "0.967932105",
                    "25.1220837"
                ]
            ]
        },
        {
            "imagefile": "20191004_091816.tiff",
            "M3x4": [
                [
                    "0.559273303",
                    "-0.826043189",
                    "0.0697564408",
                    "13.8962307"
                ],
                [
                    "0.812924504",
                    "0.530011594",
                    "-0.241332605",
                    "-5.57715464"
                ],
                [
                    "0.162379429",
                    "0.19167763",
                    "0.967932045",
                    "25.0375957"
                ]
            ]
        },
        {
            "imagefile": "20191004_091817.tiff",
            "M3x4": [
                [
                    "0.559273303",
                    "-0.826043189",
                    "0.0697564408",
                    "13.8150024"
                ],
                [
                    "0.812924504",
                    "0.530011594",
                    "-0.241332605",
                    "-6.5945878"
                ],
                [
                    "0.162379429",
                    "0.19167763",
                    "0.967932045",
                    "24.7897778"
                ]
            ]
        },
        {
            "imagefile": "20191004_091819.tiff",
            "M3x4": [
                [
                    "0.562153339",
                    "-0.824085951",
                    "0.0697564706",
                    "13.8107338"
                ],
                [
                    "0.811069369",
                    "0.532845974",
                    "-0.241332605",
                    "-7.53170681"
                ],
                [
                    "0.161709353",
                    "0.192243263",
                    "0.967932045",
                    "24.5564346"
                ]
            ]
        },
        {
            "imagefile": "20191004_091820.tiff",
            "M3x4": [
                [
                    "0.557830691",
                    "-0.827018082",
                    "0.0697564855",
                    "13.7880421"
                ],
                [
                    "0.813848317",
                    "0.528591931",
                    "-0.24133262",
                    "-8.52923679"
                ],
                [
                    "0.162713736",
                    "0.191393957",
                    "0.967932105",
                    "24.3610172"
                ]
            ]
        },
        {
            "imagefile": "20191004_091822.tiff",
            "M3x4": [
                [
                    "0.559273303",
                    "-0.826043189",
                    "0.0697564408",
                    "13.6383085"
                ],
                [
                    "0.812924504",
                    "0.530011594",
                    "-0.241332605",
                    "-9.54987431"
                ],
                [
                    "0.162379429",
                    "0.19167763",
                    "0.967932045",
                    "24.014019"
                ]
            ]
        },
        {
            "imagefile": "20191004_091823.tiff",
            "M3x4": [
                [
                    "0.559273303",
                    "-0.826043189",
                    "0.0697564408",
                    "13.4769449"
                ],
                [
                    "0.812924504",
                    "0.530011594",
                    "-0.241332605",
                    "-10.4910679"
                ],
                [
                    "0.162379429",
                    "0.19167763",
                    "0.967932045",
                    "23.7909832"
                ]
            ]
        },
        {
            "imagefile": "20191004_091825.tiff",
            "M3x4": [
                [
                    "0.563590586",
                    "-0.823103547",
                    "0.0697564781",
                    "13.2609758"
                ],
                [
                    "0.810138226",
                    "0.534260631",
                    "-0.241332605",
                    "-11.5274239"
                ],
                [
                    "0.161373615",
                    "0.192525208",
                    "0.967932105",
                    "23.5998116"
                ]
            ]
        },
        {
            "imagefile": "20191004_091827.tiff",
            "M3x4": [
                [
                    "0.570752144",
                    "-0.818153977",
                    "0.0697564706",
                    "13.206768"
                ],
                [
                    "0.805445194",
                    "0.541310072",
                    "-0.24133262",
                    "-12.6952553"
                ],
                [
                    "0.1596874",
                    "0.193926141",
                    "0.967932105",
                    "23.5191727"
                ]
            ]
        },
        {
            "imagefile": "20191004_091830.tiff",
            "M3x4": [
                [
                    "0.556386471",
                    "-0.827990353",
                    "0.0697564483",
                    "13.3339005"
                ],
                [
                    "0.814769626",
                    "0.527170718",
                    "-0.241332635",
                    "-14.4056129"
                ],
                [
                    "0.163047537",
                    "0.191109672",
                    "0.967932105",
                    "22.980257"
                ]
            ]
        },
        {
            "imagefile": "20191004_091831.tiff",
            "M3x4": [
                [
                    "0.562153339",
                    "-0.824085951",
                    "0.0697564706",
                    "12.968955"
                ],
                [
                    "0.811069369",
                    "0.532845974",
                    "-0.241332605",
                    "-15.6068869"
                ],
                [
                    "0.161709353",
                    "0.192243263",
                    "0.967932045",
                    "22.8620129"
                ]
            ]
        },
        {
            "imagefile": "20191004_091833.tiff",
            "M3x4": [
                [
                    "0.56646055",
                    "-0.821131289",
                    "0.0697564483",
                    "12.7822256"
                ],
                [
                    "0.808268487",
                    "0.537085414",
                    "-0.24133262",
                    "-17.5777569"
                ],
                [
                    "0.160700589",
                    "0.193087354",
                    "0.967932105",
                    "22.3324242"
                ]
            ]
        },
        {
            "imagefile": "20191004_091835.tiff",
            "M3x4": [
                [
                    "0.579288423",
                    "-0.812132359",
                    "0.0697564706",
                    "12.6160221"
                ],
                [
                    "0.799732566",
                    "0.549714923",
                    "-0.241332591",
                    "-18.6789856"
                ],
                [
                    "0.157647878",
                    "0.195587695",
                    "0.967932045",
                    "22.1214886"
                ]
            ]
        },
        {
            "imagefile": "20191004_091836.tiff",
            "M3x4": [
                [
                    "0.56646055",
                    "-0.821131289",
                    "0.0697564483",
                    "12.8421087"
                ],
                [
                    "0.808268487",
                    "0.537085414",
                    "-0.24133262",
                    "-19.3941574"
                ],
                [
                    "0.160700589",
                    "0.193087354",
                    "0.967932105",
                    "21.9268837"
                ]
            ]
        },
        {
            "imagefile": "20191004_091838.tiff",
            "M3x4": [
                [
                    "0.559273303",
                    "-0.826043189",
                    "0.0697564408",
                    "12.9254141"
                ],
                [
                    "0.812924504",
                    "0.530011594",
                    "-0.241332605",
                    "-20.6141033"
                ],
                [
                    "0.162379429",
                    "0.19167763",
                    "0.967932045",
                    "21.6683674"
                ]
            ]
        },
        {
            "imagefile": "20191004_091840.tiff",
            "M3x4": [
                [
                    "0.557830691",
                    "-0.827018082",
                    "0.0697564855",
                    "12.9568987"
                ],
                [
                    "0.813848317",
                    "0.528591931",
                    "-0.24133262",
                    "-21.3533936"
                ],
                [
                    "0.162713736",
                    "0.191393957",
                    "0.967932105",
                    "21.3784637"
                ]
            ]
        },
        {
            "imagefile": "20191004_091841.tiff",
            "M3x4": [
                [
                    "0.562153339",
                    "-0.824085951",
                    "0.0697564706",
                    "12.9091434"
                ],
                [
                    "0.811069369",
                    "0.532845974",
                    "-0.241332605",
                    "-22.3725643"
                ],
                [
                    "0.161709353",
                    "0.192243263",
                    "0.967932045",
                    "21.0761395"
                ]
            ]
        },
        {
            "imagefile": "20191004_091843.tiff",
            "M3x4": [
                [
                    "0.573604524",
                    "-0.816156745",
                    "0.0697564632",
                    "12.6522055"
                ],
                [
                    "0.80355072",
                    "0.544118285",
                    "-0.241332605",
                    "-23.4931335"
                ],
                [
                    "0.159009472",
                    "0.194482341",
                    "0.967932105",
                    "20.7636127"
                ]
            ]
        },
        {
            "imagefile": "20191004_091847.tiff",
            "M3x4": [
                [
                    "0.556386471",
                    "-0.827990353",
                    "0.0697564483",
                    "12.4637852"
                ],
                [
                    "0.814769626",
                    "0.527170718",
                    "-0.241332635",
                    "-22.5351181"
                ],
                [
                    "0.163047537",
                    "0.191109672",
                    "0.967932105",
                    "21.274332"
                ]
            ]
        },
        {
            "imagefile": "20191004_091850.tiff",
            "M3x4": [
                [
                    "0.553492785",
                    "-0.829927504",
                    "0.0697564483",
                    "12.4346027"
                ],
                [
                    "0.816604853",
                    "0.524323404",
                    "-0.241332605",
                    "-21.1191025"
                ],
                [
                    "0.163713634",
                    "0.190539345",
                    "0.967932105",
                    "21.4745197"
                ]
            ]
        },
        {
            "imagefile": "20191004_091853.tiff",
            "M3x4": [
                [
                    "0.572179198",
                    "-0.817156613",
                    "0.0697564632",
                    "12.2857523"
                ],
                [
                    "0.804499269",
                    "0.542715073",
                    "-0.241332605",
                    "-20.2773876"
                ],
                [
                    "0.159348667",
                    "0.194204524",
                    "0.967932045",
                    "21.4368248"
                ]
            ]
        },
        {
            "imagefile": "20191004_091855.tiff",
            "M3x4": [
                [
                    "0.56789273",
                    "-0.820141256",
                    "0.0697564408",
                    "12.361042"
                ],
                [
                    "0.807329834",
                    "0.538495302",
                    "-0.24133262",
                    "-18.1433678"
                ],
                [
                    "0.160363331",
                    "0.193367526",
                    "0.967932105",
                    "22.1184406"
                ]
            ]
        },
        {
            "imagefile": "20191004_091857.tiff",
            "M3x4": [
                [
                    "0.557830691",
                    "-0.827018082",
                    "0.0697564855",
                    "12.4978027"
                ],
                [
                    "0.813848317",
                    "0.528591931",
                    "-0.24133262",
                    "-17.0769482"
                ],
                [
                    "0.162713736",
                    "0.191393957",
                    "0.967932105",
                    "22.3228188"
                ]
            ]
        },
        {
            "imagefile": "20191004_091858.tiff",
            "M3x4": [
                [
                    "0.56646055",
                    "-0.821131289",
                    "0.0697564483",
                    "12.2208023"
                ],
                [
                    "0.808268487",
                    "0.537085414",
                    "-0.24133262",
                    "-16.2620735"
                ],
                [
                    "0.160700589",
                    "0.193087354",
                    "0.967932105",
                    "22.5976067"
                ]
            ]
        },
        {
            "imagefile": "20191004_091900.tiff",
            "M3x4": [
                [
                    "0.56646055",
                    "-0.821131289",
                    "0.0697564483",
                    "11.9602013"
                ],
                [
                    "0.808268487",
                    "0.537085414",
                    "-0.24133262",
                    "-15.3322592"
                ],
                [
                    "0.160700589",
                    "0.193087354",
                    "0.967932105",
                    "22.8482151"
                ]
            ]
        },
        {
            "imagefile": "20191004_091901.tiff",
            "M3x4": [
                [
                    "0.572179198",
                    "-0.817156613",
                    "0.0697564632",
                    "11.9729958"
                ],
                [
                    "0.804499269",
                    "0.542715073",
                    "-0.241332605",
                    "-14.4815664"
                ],
                [
                    "0.159348667",
                    "0.194204524",
                    "0.967932045",
                    "23.2660217"
                ]
            ]
        },
        {
            "imagefile": "20191004_091903.tiff",
            "M3x4": [
                [
                    "0.557830691",
                    "-0.827018082",
                    "0.0697564855",
                    "12.2319498"
                ],
                [
                    "0.813848317",
                    "0.528591931",
                    "-0.24133262",
                    "-13.3595457"
                ],
                [
                    "0.162713736",
                    "0.191393957",
                    "0.967932105",
                    "23.4237995"
                ]
            ]
        },
        {
            "imagefile": "20191004_091905.tiff",
            "M3x4": [
                [
                    "0.562153339",
                    "-0.824085951",
                    "0.0697564706",
                    "12.0741091"
                ],
                [
                    "0.811069369",
                    "0.532845974",
                    "-0.241332605",
                    "-12.3450613"
                ],
                [
                    "0.161709353",
                    "0.192243263",
                    "0.967932045",
                    "23.739769"
                ]
            ]
        },
        {
            "imagefile": "20191004_091906.tiff",
            "M3x4": [
                [
